   0.0000000e+00
   0.0000000e+00
   0.0000000e+00
   0.0000000e+00
   0.0000000e+00
   3.9229680e-02
   1.6062311e-01
   3.4632567e-01
   5.7408809e-01
   8.1986111e-01
   1.0601025e+00
   1.2738356e+00
   1.4442979e+00
   1.5600676e+00
   1.6156139e+00
   1.6112735e+00
   1.5527034e+00
   1.4499080e+00
   1.3159625e+00
   1.1655744e+00
   1.0136263e+00
   8.7383060e-01
   7.5760747e-01
   6.7326622e-01
   6.2553667e-01
   6.1546159e-01
   6.4062791e-01
   6.9568638e-01
   7.7308786e-01
   8.6395133e-01
   9.5897446e-01
   1.0493018e+00
   1.1272767e+00
   1.1870197e+00
   1.2247975e+00
   1.2391677e+00
   1.2309061e+00
   1.2027421e+00
   1.1589432e+00
   1.1047980e+00
   1.0460543e+00
   9.8836483e-01
   9.3679095e-01
   8.9540215e-01
   8.6699995e-01
   8.5297913e-01
   8.5332694e-01
   8.6674800e-01
   8.9089296e-01
   9.2266113e-01
   9.5854353e-01
   9.9497243e-01
   1.0286451e+00
   1.0567958e+00
   1.0773954e+00
   1.0892679e+00
   1.0921205e+00
   1.0864920e+00
   1.0736315e+00
   1.0553242e+00
   1.0336852e+00
   1.0109407e+00
   9.8921996e-01
   9.7037355e-01
   9.5583226e-01
   9.4651642e-01
   9.4279853e-01
   9.4451819e-01
   9.5104331e-01
   9.6136812e-01
   9.7423585e-01
   9.8827314e-01
   1.0021230e+00
   1.0145645e+00
   1.0246102e+00
   1.0315732e+00
   1.0351028e+00
   1.0351857e+00
   1.0321178e+00
   1.0264504e+00
   1.0189186e+00
   1.0103593e+00
   1.0016277e+00
   9.9351888e-01
   9.8670260e-01
   9.8167407e-01
   9.7872525e-01
   9.7793659e-01
   9.7918849e-01
   9.8218954e-01
   9.8651773e-01
   9.9166960e-01
   9.9711241e-01
   1.0023343e+00
   1.0068881e+00
   1.0104259e+00
   1.0127210e+00
   1.0136776e+00
   1.0133280e+00
   1.0118185e+00
   1.0093859e+00
   1.0063289e+00
   1.0029754e+00
   9.9965111e-01
   9.9665052e-01
   9.9421320e-01
   9.9250733e-01
   9.9162095e-01
   9.9156116e-01
   9.9226056e-01
   9.9358987e-01
   9.9537490e-01
   9.9741607e-01
   9.9950849e-01
   1.0014607e+00
   1.0031107e+00
   1.0043375e+00
   1.0050689e+00
   1.0052831e+00
   1.0050064e+00
   1.0043068e+00
   1.0032840e+00
   1.0020578e+00
   1.0007556e+00
   9.9950054e-01
   9.9840050e-01
   9.9754015e-01
