   0.0000000e+00
   3.7995238e-18
   2.4247581e-16
   2.7540721e-15
   1.5430043e-14
   5.8693055e-14
   1.7475667e-13
   4.3941425e-13
   9.7630503e-13
   1.9736060e-12
   3.7030984e-12
   6.5415596e-12
   1.0994429e-11
   1.7721701e-11
   2.7565994e-11
   4.1582753e-11
   6.1072526e-11
   8.7615290e-11
   1.2310675e-10
   1.6979659e-10
   2.3032864e-10
   3.0778285e-10
   4.0571913e-10
   5.2822293e-10
   6.7995252e-10
   8.6618802e-10
   1.0928820e-09
   1.3667116e-09
   1.6951327e-09
   2.0864346e-09
   2.5497974e-09
   3.0953498e-09
   3.7342290e-09
   4.4786415e-09
   5.3419253e-09
   6.3386140e-09
   7.4845010e-09
   8.7967059e-09
   1.0293742e-08
   1.1995583e-08
   1.3923736e-08
   1.6101308e-08
   1.8553079e-08
   2.1305578e-08
   2.4387151e-08
   2.7828037e-08
   3.1660447e-08
   3.5918636e-08
   4.0638982e-08
   4.5860065e-08
   5.1622742e-08
   5.7970232e-08
   6.4948191e-08
   7.2604796e-08
   8.0990824e-08
   9.0159737e-08
   1.0016776e-07
   1.1107398e-07
   1.2294041e-07
   1.3583206e-07
   1.4981709e-07
   1.6496680e-07
   1.8135581e-07
   1.9906205e-07
   2.1816695e-07
   2.3875543e-07
   2.6091606e-07
   2.8474111e-07
   3.1032664e-07
   3.3777262e-07
   3.6718297e-07
   3.9866567e-07
   4.3233288e-07
   4.6830098e-07
   5.0669068e-07
   5.4762713e-07
   5.9123995e-07
   6.3766341e-07
   6.8703643e-07
   7.3950272e-07
   7.9521086e-07
   8.5431440e-07
   9.1697192e-07
   9.8334715e-07
   1.0536090e-06
   1.1279319e-06
   1.2064953e-06
   1.2894846e-06
   1.3770904e-06
   1.4695091e-06
   1.5669431e-06
   1.6696004e-06
   1.7776949e-06
   1.8914468e-06
   2.0110821e-06
   2.1368332e-06
   2.2689388e-06
   2.4076439e-06
   2.5532001e-06
   2.7058654e-06
   2.8659046e-06
   3.0335891e-06
   3.2091972e-06
   3.3930141e-06
   3.5853319e-06
   3.7864499e-06
   3.9966745e-06
   4.2163195e-06
   4.4457057e-06
   4.6851615e-06
   4.9350229e-06
   5.1956334e-06
   5.4673441e-06
   5.7505138e-06
   6.0455093e-06
   6.3527053e-06
   6.6724842e-06
   7.0052369e-06
   7.3513620e-06
   7.7112667e-06
   8.0853663e-06
   8.4740846e-06
   8.8778537e-06
   9.2971144e-06
   9.7323160e-06
   1.0183917e-05
   1.0652383e-05
   1.1138191e-05
   1.1641824e-05
   1.2163777e-05
   1.2704553e-05
   1.3264661e-05
   1.3844625e-05
   1.4444974e-05
   1.5066247e-05
   1.5708993e-05
   1.6373771e-05
   1.7061150e-05
   1.7771705e-05
   1.8506025e-05
   1.9264707e-05
   2.0048358e-05
   2.0857594e-05
   2.1693042e-05
   2.2555339e-05
   2.3445131e-05
   2.4363076e-05
   2.5309840e-05
   2.6286101e-05
   2.7292547e-05
   2.8329875e-05
   2.9398794e-05
   3.0500023e-05
   3.1634291e-05
   3.2802339e-05
   3.4004918e-05
   3.5242788e-05
   3.6516723e-05
   3.7827505e-05
   3.9175927e-05
   4.0562796e-05
   4.1988927e-05
   4.3455147e-05
   4.4962293e-05
   4.6511215e-05
   4.8102773e-05
   4.9737839e-05
   5.1417295e-05
   5.3142035e-05
   5.4912965e-05
   5.6731001e-05
   5.8597072e-05
   6.0512118e-05
   6.2477090e-05
   6.4492950e-05
   6.6560673e-05
   6.8681245e-05
   7.0855664e-05
   7.3084940e-05
   7.5370093e-05
   7.7712156e-05
   8.0112175e-05
   8.2571207e-05
   8.5090319e-05
   8.7670593e-05
   9.0313120e-05
   9.3019006e-05
   9.5789367e-05
   9.8625332e-05
   1.0152804e-04
   1.0449865e-04
   1.0753831e-04
   1.1064822e-04
   1.1382956e-04
   1.1708352e-04
   1.2041133e-04
   1.2381421e-04
   1.2729339e-04
   1.3085014e-04
   1.3448570e-04
   1.3820136e-04
   1.4199841e-04
   1.4587814e-04
   1.4984187e-04
   1.5389091e-04
   1.5802662e-04
   1.6225033e-04
   1.6656342e-04
   1.7096725e-04
   1.7546321e-04
   1.8005270e-04
   1.8473713e-04
   1.8951794e-04
   1.9439655e-04
   1.9937441e-04
   2.0445299e-04
   2.0963376e-04
   2.1491822e-04
   2.2030785e-04
   2.2580417e-04
   2.3140871e-04
   2.3712301e-04
   2.4294861e-04
   2.4888707e-04
   2.5493998e-04
   2.6110893e-04
   2.6739550e-04
   2.7380131e-04
   2.8032800e-04
   2.8697720e-04
   2.9375055e-04
   3.0064973e-04
   3.0767641e-04
   3.1483227e-04
   3.2211902e-04
   3.2953838e-04
   3.3709206e-04
   3.4478181e-04
   3.5260938e-04
   3.6057653e-04
   3.6868504e-04
   3.7693670e-04
   3.8533330e-04
   3.9387667e-04
   4.0256863e-04
   4.1141101e-04
   4.2040567e-04
   4.2955448e-04
   4.3885929e-04
   4.4832202e-04
   4.5794455e-04
   4.6772880e-04
   4.7767670e-04
   4.8779017e-04
   4.9807118e-04
   5.0852168e-04
   5.1914365e-04
   5.2993907e-04
   5.4090994e-04
   5.5205828e-04
   5.6338611e-04
   5.7489546e-04
   5.8658837e-04
   5.9846692e-04
   6.1053316e-04
   6.2278919e-04
   6.3523710e-04
   6.4787899e-04
   6.6071698e-04
   6.7375322e-04
   6.8698983e-04
   7.0042897e-04
   7.1407282e-04
   7.2792354e-04
   7.4198333e-04
   7.5625439e-04
   7.7073894e-04
   7.8543920e-04
   8.0035740e-04
   8.1549580e-04
   8.3085665e-04
   8.4644222e-04
   8.6225481e-04
   8.7829669e-04
   8.9457019e-04
   9.1107761e-04
   9.2782128e-04
   9.4480355e-04
   9.6202676e-04
   9.7949327e-04
   9.9720546e-04
   1.0151657e-03
   1.0333764e-03
   1.0518400e-03
   1.0705589e-03
   1.0895354e-03
   1.1087721e-03
   1.1282715e-03
   1.1480358e-03
   1.1680677e-03
   1.1883696e-03
   1.2089441e-03
   1.2297935e-03
   1.2509204e-03
   1.2723274e-03
   1.2940170e-03
   1.3159917e-03
   1.3382540e-03
   1.3608067e-03
   1.3836521e-03
   1.4067930e-03
   1.4302318e-03
   1.4539713e-03
   1.4780140e-03
   1.5023625e-03
   1.5270196e-03
   1.5519878e-03
   1.5772698e-03
   1.6028682e-03
   1.6287858e-03
   1.6550252e-03
   1.6815891e-03
   1.7084802e-03
   1.7357013e-03
   1.7632550e-03
   1.7911441e-03
   1.8193713e-03
   1.8479394e-03
   1.8768512e-03
   1.9061094e-03
   1.9357168e-03
   1.9656761e-03
   1.9959903e-03
   2.0266620e-03
   2.0576941e-03
   2.0890894e-03
   2.1208508e-03
   2.1529811e-03
   2.1854831e-03
   2.2183597e-03
   2.2516138e-03
   2.2852483e-03
   2.3192659e-03
   2.3536697e-03
   2.3884625e-03
   2.4236472e-03
   2.4592268e-03
   2.4952041e-03
   2.5315821e-03
   2.5683637e-03
   2.6055520e-03
   2.6431497e-03
   2.6811600e-03
   2.7195857e-03
   2.7584299e-03
   2.7976955e-03
   2.8373856e-03
   2.8775031e-03
   2.9180510e-03
   2.9590324e-03
   3.0004502e-03
   3.0423075e-03
   3.0846074e-03
   3.1273529e-03
   3.1705470e-03
   3.2141928e-03
   3.2582933e-03
   3.3028517e-03
   3.3478710e-03
   3.3933542e-03
   3.4393045e-03
   3.4857250e-03
   3.5326188e-03
   3.5799890e-03
   3.6278386e-03
   3.6761709e-03
   3.7249889e-03
   3.7742958e-03
   3.8240947e-03
   3.8743888e-03
   3.9251812e-03
   3.9764751e-03
   4.0282736e-03
   4.0805799e-03
   4.1333972e-03
   4.1867286e-03
   4.2405774e-03
   4.2949467e-03
   4.3498397e-03
   4.4052596e-03
   4.4612097e-03
   4.5176931e-03
   4.5747130e-03
   4.6322728e-03
   4.6903755e-03
   4.7490244e-03
   4.8082227e-03
   4.8679738e-03
   4.9282808e-03
   4.9891470e-03
   5.0505756e-03
   5.1125698e-03
   5.1751331e-03
   5.2382685e-03
   5.3019794e-03
   5.3662691e-03
   5.4311407e-03
   5.4965977e-03
   5.5626432e-03
   5.6292806e-03
   5.6965132e-03
   5.7643442e-03
   5.8327770e-03
   5.9018148e-03
   5.9714609e-03
   6.0417187e-03
   6.1125915e-03
   6.1840825e-03
   6.2561951e-03
   6.3289327e-03
   6.4022984e-03
   6.4762957e-03
   6.5509279e-03
   6.6261983e-03
   6.7021102e-03
   6.7786671e-03
   6.8558721e-03
   6.9337286e-03
   7.0122401e-03
   7.0914097e-03
   7.1712410e-03
   7.2517371e-03
   7.3329016e-03
   7.4147376e-03
   7.4972486e-03
   7.5804380e-03
   7.6643090e-03
   7.7488650e-03
   7.8341095e-03
   7.9200457e-03
   8.0066770e-03
   8.0940068e-03
   8.1820384e-03
   8.2707753e-03
   8.3602207e-03
   8.4503780e-03
   8.5412506e-03
   8.6328419e-03
   8.7251553e-03
   8.8181940e-03
   8.9119616e-03
   9.0064612e-03
   9.1016964e-03
   9.1976705e-03
   9.2943868e-03
   9.3918488e-03
   9.4900597e-03
   9.5890231e-03
   9.6887421e-03
   9.7892203e-03
   9.8904610e-03
   9.9924675e-03
   1.0095243e-02
   1.0198792e-02
   1.0303116e-02
   1.0408220e-02
   1.0514106e-02
   1.0620778e-02
   1.0728240e-02
   1.0836495e-02
   1.0945546e-02
   1.1055396e-02
   1.1166049e-02
   1.1277509e-02
   1.1389778e-02
   1.1502860e-02
   1.1616758e-02
   1.1731476e-02
   1.1847017e-02
   1.1963385e-02
   1.2080582e-02
   1.2198613e-02
   1.2317479e-02
   1.2437186e-02
   1.2557736e-02
   1.2679132e-02
   1.2801378e-02
   1.2924477e-02
   1.3048433e-02
   1.3173248e-02
   1.3298927e-02
   1.3425472e-02
   1.3552887e-02
   1.3681175e-02
   1.3810339e-02
   1.3940383e-02
   1.4071311e-02
   1.4203124e-02
   1.4335828e-02
   1.4469424e-02
   1.4603917e-02
   1.4739309e-02
   1.4875605e-02
   1.5012806e-02
   1.5150917e-02
   1.5289941e-02
   1.5429880e-02
   1.5570740e-02
   1.5712521e-02
   1.5855229e-02
   1.5998866e-02
   1.6143435e-02
   1.6288940e-02
   1.6435384e-02
   1.6582770e-02
   1.6731102e-02
   1.6880382e-02
   1.7030614e-02
   1.7181801e-02
   1.7333947e-02
   1.7487054e-02
   1.7641127e-02
   1.7796167e-02
   1.7952178e-02
   1.8109165e-02
   1.8267128e-02
   1.8426073e-02
   1.8586002e-02
   1.8746918e-02
   1.8908824e-02
   1.9071725e-02
   1.9235622e-02
   1.9400519e-02
   1.9566419e-02
   1.9733325e-02
   1.9901241e-02
   2.0070170e-02
   2.0240115e-02
   2.0411078e-02
   2.0583063e-02
   2.0756074e-02
   2.0930113e-02
   2.1105183e-02
   2.1281288e-02
   2.1458430e-02
   2.1636613e-02
   2.1815840e-02
   2.1996114e-02
   2.2177437e-02
   2.2359814e-02
   2.2543247e-02
   2.2727739e-02
   2.2913294e-02
   2.3099913e-02
   2.3287601e-02
   2.3476360e-02
   2.3666194e-02
   2.3857105e-02
   2.4049097e-02
   2.4242171e-02
   2.4436333e-02
   2.4631584e-02
   2.4827927e-02
   2.5025365e-02
   2.5223902e-02
   2.5423540e-02
   2.5624283e-02
   2.5826133e-02
   2.6029093e-02
   2.6233166e-02
   2.6438355e-02
   2.6644663e-02
   2.6852093e-02
   2.7060648e-02
   2.7270331e-02
   2.7481144e-02
   2.7693090e-02
   2.7906173e-02
   2.8120396e-02
   2.8335760e-02
   2.8552269e-02
   2.8769926e-02
   2.8988734e-02
   2.9208695e-02
   2.9429813e-02
   2.9652089e-02
   2.9875528e-02
   3.0100131e-02
   3.0325901e-02
   3.0552842e-02
   3.0780956e-02
   3.1010246e-02
   3.1240714e-02
   3.1472364e-02
   3.1705198e-02
   3.1939218e-02
   3.2174428e-02
   3.2410830e-02
   3.2648427e-02
   3.2887222e-02
   3.3127217e-02
   3.3368415e-02
   3.3610819e-02
   3.3854431e-02
   3.4099253e-02
   3.4345290e-02
   3.4592543e-02
   3.4841014e-02
   3.5090707e-02
   3.5341625e-02
   3.5593768e-02
   3.5847141e-02
   3.6101746e-02
   3.6357586e-02
   3.6614662e-02
   3.6872978e-02
   3.7132536e-02
   3.7393338e-02
   3.7655388e-02
   3.7918687e-02
   3.8183238e-02
   3.8449044e-02
   3.8716107e-02
   3.8984429e-02
   3.9254014e-02
   3.9524863e-02
   3.9796979e-02
   4.0070364e-02
   4.0345021e-02
   4.0620952e-02
   4.0898160e-02
   4.1176647e-02
   4.1456415e-02
   4.1737467e-02
   4.2019805e-02
   4.2303431e-02
   4.2588349e-02
   4.2874559e-02
   4.3162065e-02
   4.3450868e-02
   4.3740972e-02
   4.4032378e-02
   4.4325088e-02
   4.4619105e-02
   4.4914432e-02
   4.5211070e-02
   4.5509021e-02
   4.5808289e-02
   4.6108874e-02
   4.6410780e-02
   4.6714008e-02
   4.7018561e-02
   4.7324441e-02
   4.7631649e-02
   4.7940189e-02
   4.8250062e-02
   4.8561271e-02
   4.8873817e-02
   4.9187702e-02
   4.9502929e-02
   4.9819501e-02
   5.0137418e-02
   5.0456683e-02
   5.0777298e-02
   5.1099265e-02
   5.1422586e-02
   5.1747263e-02
   5.2073298e-02
   5.2400693e-02
   5.2729451e-02
   5.3059572e-02
   5.3391059e-02
   5.3723915e-02
   5.4058140e-02
   5.4393737e-02
   5.4730708e-02
   5.5069055e-02
   5.5408779e-02
   5.5749882e-02
   5.6092367e-02
   5.6436235e-02
   5.6781488e-02
   5.7128127e-02
   5.7476156e-02
   5.7825575e-02
   5.8176386e-02
   5.8528591e-02
   5.8882192e-02
   5.9237190e-02
   5.9593588e-02
   5.9951387e-02
   6.0310589e-02
   6.0671196e-02
   6.1033208e-02
   6.1396629e-02
   6.1761459e-02
   6.2127701e-02
   6.2495355e-02
   6.2864424e-02
   6.3234910e-02
   6.3606813e-02
   6.3980136e-02
   6.4354879e-02
   6.4731046e-02
   6.5108636e-02
   6.5487653e-02
   6.5868097e-02
   6.6249969e-02
   6.6633273e-02
   6.7018008e-02
   6.7404176e-02
   6.7791780e-02
   6.8180819e-02
   6.8571297e-02
   6.8963214e-02
   6.9356572e-02
   6.9751372e-02
   7.0147615e-02
   7.0545304e-02
   7.0944439e-02
   7.1345022e-02
   7.1747054e-02
   7.2150537e-02
   7.2555471e-02
   7.2961858e-02
   7.3369701e-02
   7.3778999e-02
   7.4189754e-02
   7.4601967e-02
   7.5015640e-02
   7.5430774e-02
   7.5847370e-02
   7.6265430e-02
   7.6684954e-02
   7.7105944e-02
   7.7528401e-02
   7.7952327e-02
   7.8377721e-02
   7.8804587e-02
   7.9232924e-02
   7.9662733e-02
   8.0094017e-02
   8.0526776e-02
   8.0961011e-02
   8.1396723e-02
   8.1833913e-02
   8.2272583e-02
   8.2712733e-02
   8.3154365e-02
   8.3597479e-02
   8.4042076e-02
   8.4488158e-02
   8.4935726e-02
   8.5384780e-02
   8.5835321e-02
   8.6287351e-02
   8.6740869e-02
   8.7195878e-02
   8.7652379e-02
   8.8110371e-02
   8.8569856e-02
   8.9030834e-02
   8.9493308e-02
   8.9957276e-02
   9.0422741e-02
   9.0889703e-02
   9.1358163e-02
   9.1828122e-02
   9.2299580e-02
   9.2772538e-02
   9.3246998e-02
   9.3722959e-02
   9.4200422e-02
   9.4679389e-02
   9.5159860e-02
   9.5641835e-02
   9.6125316e-02
   9.6610302e-02
   9.7096795e-02
   9.7584796e-02
   9.8074304e-02
   9.8565321e-02
   9.9057847e-02
   9.9551882e-02
   1.0004743e-01
   1.0054448e-01
   1.0104305e-01
   1.0154313e-01
   1.0204473e-01
   1.0254783e-01
   1.0305245e-01
   1.0355858e-01
   1.0406623e-01
   1.0457539e-01
   1.0508607e-01
   1.0559826e-01
   1.0611197e-01
   1.0662720e-01
   1.0714394e-01
   1.0766221e-01
   1.0818198e-01
   1.0870328e-01
   1.0922610e-01
   1.0975043e-01
   1.1027629e-01
   1.1080366e-01
   1.1133255e-01
   1.1186297e-01
   1.1239490e-01
   1.1292836e-01
   1.1346333e-01
   1.1399983e-01
   1.1453785e-01
   1.1507739e-01
   1.1561845e-01
   1.1616103e-01
   1.1670514e-01
   1.1725077e-01
   1.1779792e-01
   1.1834660e-01
   1.1889679e-01
   1.1944851e-01
   1.2000176e-01
   1.2055652e-01
   1.2111281e-01
   1.2167062e-01
   1.2222996e-01
   1.2279082e-01
   1.2335320e-01
   1.2391711e-01
   1.2448254e-01
   1.2504949e-01
   1.2561797e-01
   1.2618797e-01
   1.2675950e-01
   1.2733254e-01
   1.2790711e-01
   1.2848321e-01
   1.2906082e-01
   1.2963996e-01
   1.3022063e-01
   1.3080281e-01
   1.3138652e-01
   1.3197175e-01
   1.3255850e-01
   1.3314678e-01
   1.3373658e-01
   1.3432790e-01
   1.3492074e-01
   1.3551510e-01
   1.3611098e-01
   1.3670838e-01
   1.3730731e-01
   1.3790775e-01
   1.3850972e-01
   1.3911320e-01
   1.3971821e-01
   1.4032473e-01
   1.4093277e-01
   1.4154233e-01
   1.4215341e-01
   1.4276601e-01
   1.4338012e-01
   1.4399575e-01
   1.4461290e-01
   1.4523156e-01
   1.4585174e-01
   1.4647343e-01
   1.4709664e-01
   1.4772137e-01
   1.4834760e-01
   1.4897535e-01
   1.4960462e-01
   1.5023539e-01
   1.5086768e-01
   1.5150148e-01
   1.5213679e-01
   1.5277361e-01
   1.5341194e-01
   1.5405178e-01
   1.5469313e-01
   1.5533599e-01
   1.5598035e-01
   1.5662622e-01
   1.5727360e-01
   1.5792248e-01
   1.5857286e-01
   1.5922475e-01
   1.5987815e-01
   1.6053305e-01
   1.6118944e-01
   1.6184734e-01
   1.6250675e-01
   1.6316765e-01
   1.6383005e-01
   1.6449394e-01
   1.6515934e-01
   1.6582623e-01
   1.6649462e-01
   1.6716451e-01
   1.6783588e-01
   1.6850876e-01
   1.6918312e-01
   1.6985898e-01
   1.7053633e-01
   1.7121516e-01
   1.7189549e-01
   1.7257731e-01
   1.7326061e-01
   1.7394540e-01
   1.7463168e-01
   1.7531944e-01
   1.7600868e-01
   1.7669941e-01
   1.7739162e-01
   1.7808531e-01
   1.7878048e-01
   1.7947713e-01
   1.8017525e-01
   1.8087486e-01
   1.8157594e-01
   1.8227849e-01
   1.8298252e-01
   1.8368802e-01
   1.8439499e-01
   1.8510343e-01
   1.8581335e-01
   1.8652473e-01
   1.8723758e-01
   1.8795189e-01
   1.8866767e-01
   1.8938491e-01
   1.9010362e-01
   1.9082379e-01
   1.9154541e-01
   1.9226850e-01
   1.9299304e-01
   1.9371905e-01
   1.9444650e-01
   1.9517541e-01
   1.9590578e-01
   1.9663759e-01
   1.9737086e-01
   1.9810558e-01
   1.9884174e-01
   1.9957935e-01
   2.0031841e-01
   2.0105891e-01
   2.0180085e-01
   2.0254424e-01
   2.0328906e-01
   2.0403532e-01
   2.0478302e-01
   2.0553216e-01
   2.0628273e-01
   2.0703474e-01
   2.0778817e-01
   2.0854304e-01
   2.0929934e-01
   2.1005706e-01
   2.1081621e-01
   2.1157679e-01
   2.1233878e-01
   2.1310220e-01
   2.1386704e-01
   2.1463330e-01
   2.1540098e-01
   2.1617007e-01
   2.1694058e-01
   2.1771250e-01
   2.1848583e-01
   2.1926057e-01
   2.2003672e-01
   2.2081427e-01
   2.2159323e-01
   2.2237360e-01
   2.2315536e-01
   2.2393853e-01
   2.2472309e-01
   2.2550906e-01
   2.2629641e-01
   2.2708516e-01
   2.2787531e-01
   2.2866684e-01
   2.2945976e-01
   2.3025407e-01
   2.3104977e-01
   2.3184685e-01
   2.3264531e-01
   2.3344515e-01
   2.3424637e-01
   2.3504897e-01
   2.3585294e-01
   2.3665829e-01
   2.3746501e-01
   2.3827310e-01
   2.3908255e-01
   2.3989338e-01
   2.4070557e-01
   2.4151912e-01
   2.4233403e-01
   2.4315030e-01
   2.4396793e-01
   2.4478691e-01
   2.4560725e-01
   2.4642894e-01
   2.4725198e-01
   2.4807637e-01
   2.4890211e-01
   2.4972919e-01
   2.5055761e-01
   2.5138737e-01
   2.5221847e-01
   2.5305091e-01
   2.5388469e-01
   2.5471979e-01
   2.5555623e-01
   2.5639400e-01
   2.5723310e-01
   2.5807352e-01
   2.5891526e-01
   2.5975833e-01
   2.6060271e-01
   2.6144841e-01
   2.6229543e-01
   2.6314376e-01
   2.6399340e-01
   2.6484436e-01
   2.6569661e-01
   2.6655018e-01
   2.6740505e-01
   2.6826122e-01
   2.6911868e-01
   2.6997745e-01
   2.7083751e-01
   2.7169886e-01
   2.7256151e-01
   2.7342544e-01
   2.7429066e-01
   2.7515717e-01
   2.7602495e-01
   2.7689402e-01
   2.7776437e-01
   2.7863599e-01
   2.7950889e-01
   2.8038305e-01
   2.8125849e-01
   2.8213520e-01
   2.8301317e-01
   2.8389240e-01
   2.8477289e-01
   2.8565465e-01
   2.8653766e-01
   2.8742192e-01
   2.8830744e-01
   2.8919420e-01
   2.9008222e-01
   2.9097147e-01
   2.9186198e-01
   2.9275372e-01
   2.9364670e-01
   2.9454092e-01
   2.9543637e-01
   2.9633306e-01
   2.9723097e-01
   2.9813011e-01
   2.9903048e-01
   2.9993207e-01
   3.0083488e-01
   3.0173890e-01
   3.0264415e-01
   3.0355060e-01
   3.0445827e-01
   3.0536715e-01
   3.0627723e-01
   3.0718852e-01
   3.0810101e-01
   3.0901470e-01
   3.0992958e-01
   3.1084566e-01
   3.1176293e-01
   3.1268139e-01
   3.1360104e-01
   3.1452188e-01
   3.1544389e-01
   3.1636709e-01
   3.1729147e-01
   3.1821702e-01
   3.1914374e-01
   3.2007163e-01
   3.2100069e-01
   3.2193092e-01
   3.2286231e-01
   3.2379486e-01
   3.2472857e-01
   3.2566344e-01
   3.2659946e-01
   3.2753663e-01
   3.2847494e-01
   3.2941441e-01
   3.3035501e-01
   3.3129676e-01
   3.3223965e-01
   3.3318367e-01
   3.3412882e-01
   3.3507511e-01
   3.3602252e-01
   3.3697106e-01
   3.3792073e-01
   3.3887151e-01
   3.3982341e-01
   3.4077643e-01
   3.4173056e-01
   3.4268580e-01
   3.4364214e-01
   3.4459960e-01
   3.4555815e-01
   3.4651781e-01
   3.4747856e-01
   3.4844041e-01
   3.4940335e-01
   3.5036738e-01
   3.5133250e-01
   3.5229870e-01
   3.5326598e-01
   3.5423435e-01
   3.5520379e-01
   3.5617430e-01
   3.5714588e-01
   3.5811854e-01
   3.5909225e-01
   3.6006704e-01
   3.6104288e-01
   3.6201978e-01
   3.6299774e-01
   3.6397675e-01
   3.6495681e-01
   3.6593791e-01
   3.6692006e-01
   3.6790326e-01
   3.6888749e-01
   3.6987276e-01
   3.7085906e-01
   3.7184639e-01
   3.7283476e-01
   3.7382414e-01
   3.7481456e-01
   3.7580599e-01
   3.7679844e-01
   3.7779190e-01
   3.7878638e-01
   3.7978186e-01
   3.8077835e-01
   3.8177585e-01
   3.8277435e-01
   3.8377384e-01
   3.8477433e-01
   3.8577582e-01
   3.8677829e-01
   3.8778175e-01
   3.8878620e-01
   3.8979163e-01
   3.9079804e-01
   3.9180542e-01
   3.9281378e-01
   3.9382310e-01
   3.9483340e-01
   3.9584466e-01
   3.9685688e-01
   3.9787007e-01
   3.9888421e-01
   3.9989930e-01
   4.0091534e-01
   4.0193234e-01
   4.0295028e-01
   4.0396916e-01
   4.0498898e-01
   4.0600973e-01
   4.0703143e-01
   4.0805405e-01
   4.0907760e-01
   4.1010208e-01
   4.1112748e-01
   4.1215380e-01
   4.1318104e-01
   4.1420919e-01
   4.1523825e-01
   4.1626822e-01
   4.1729910e-01
   4.1833088e-01
   4.1936356e-01
   4.2039714e-01
   4.2143161e-01
   4.2246697e-01
   4.2350322e-01
   4.2454036e-01
   4.2557838e-01
   4.2661728e-01
   4.2765705e-01
   4.2869770e-01
   4.2973923e-01
   4.3078162e-01
   4.3182487e-01
   4.3286899e-01
   4.3391397e-01
   4.3495980e-01
   4.3600649e-01
   4.3705403e-01
   4.3810241e-01
   4.3915165e-01
   4.4020172e-01
   4.4125263e-01
   4.4230438e-01
   4.4335697e-01
   4.4441038e-01
   4.4546462e-01
   4.4651969e-01
   4.4757557e-01
   4.4863228e-01
   4.4968980e-01
   4.5074814e-01
   4.5180728e-01
   4.5286723e-01
   4.5392799e-01
   4.5498955e-01
   4.5605190e-01
   4.5711505e-01
   4.5817900e-01
   4.5924373e-01
   4.6030925e-01
   4.6137555e-01
   4.6244263e-01
   4.6351049e-01
   4.6457913e-01
   4.6564853e-01
   4.6671871e-01
   4.6778965e-01
   4.6886135e-01
   4.6993382e-01
   4.7100704e-01
   4.7208101e-01
   4.7315574e-01
   4.7423121e-01
   4.7530743e-01
   4.7638439e-01
   4.7746209e-01
   4.7854052e-01
   4.7961969e-01
   4.8069959e-01
   4.8178021e-01
   4.8286156e-01
   4.8394363e-01
   4.8502642e-01
   4.8610992e-01
   4.8719414e-01
   4.8827906e-01
   4.8936469e-01
   4.9045103e-01
   4.9153806e-01
   4.9262580e-01
   4.9371422e-01
   4.9480334e-01
   4.9589315e-01
   4.9698364e-01
   4.9807481e-01
   4.9916666e-01
   5.0025919e-01
   5.0135240e-01
   5.0244627e-01
   5.0354081e-01
   5.0463601e-01
   5.0573188e-01
   5.0682840e-01
   5.0792558e-01
   5.0902341e-01
   5.1012190e-01
   5.1122102e-01
   5.1232079e-01
   5.1342121e-01
   5.1452225e-01
   5.1562394e-01
   5.1672625e-01
   5.1782919e-01
   5.1893276e-01
   5.2003695e-01
   5.2114176e-01
   5.2224719e-01
   5.2335323e-01
   5.2445988e-01
   5.2556713e-01
   5.2667500e-01
   5.2778346e-01
   5.2889252e-01
   5.3000218e-01
   5.3111243e-01
   5.3222326e-01
   5.3333469e-01
   5.3444670e-01
   5.3555928e-01
   5.3667245e-01
   5.3778619e-01
   5.3890050e-01
   5.4001538e-01
   5.4113082e-01
   5.4224683e-01
   5.4336340e-01
   5.4448052e-01
   5.4559819e-01
   5.4671642e-01
   5.4783519e-01
   5.4895451e-01
   5.5007437e-01
   5.5119477e-01
   5.5231570e-01
   5.5343716e-01
   5.5455916e-01
   5.5568168e-01
   5.5680472e-01
   5.5792828e-01
   5.5905236e-01
   5.6017696e-01
   5.6130207e-01
   5.6242768e-01
   5.6355380e-01
   5.6468042e-01
   5.6580755e-01
   5.6693516e-01
   5.6806328e-01
   5.6919188e-01
   5.7032097e-01
   5.7145054e-01
   5.7258059e-01
   5.7371113e-01
   5.7484214e-01
   5.7597362e-01
   5.7710557e-01
   5.7823799e-01
   5.7937087e-01
   5.8050421e-01
   5.8163801e-01
   5.8277226e-01
   5.8390696e-01
   5.8504212e-01
   5.8617771e-01
   5.8731376e-01
   5.8845024e-01
   5.8958715e-01
   5.9072450e-01
   5.9186229e-01
   5.9300050e-01
   5.9413913e-01
   5.9527819e-01
   5.9641766e-01
   5.9755755e-01
   5.9869786e-01
   5.9983857e-01
   6.0097969e-01
   6.0212121e-01
   6.0326314e-01
   6.0440546e-01
   6.0554818e-01
   6.0669129e-01
   6.0783479e-01
   6.0897868e-01
   6.1012295e-01
   6.1126760e-01
   6.1241263e-01
   6.1355803e-01
   6.1470380e-01
   6.1584995e-01
   6.1699645e-01
   6.1814333e-01
   6.1929056e-01
   6.2043814e-01
   6.2158608e-01
   6.2273438e-01
   6.2388302e-01
   6.2503200e-01
   6.2618133e-01
   6.2733099e-01
   6.2848100e-01
   6.2963133e-01
   6.3078200e-01
   6.3193299e-01
   6.3308431e-01
   6.3423595e-01
   6.3538791e-01
   6.3654019e-01
   6.3769278e-01
   6.3884568e-01
   6.3999888e-01
   6.4115239e-01
   6.4230620e-01
   6.4346031e-01
   6.4461472e-01
   6.4576941e-01
   6.4692440e-01
   6.4807967e-01
   6.4923523e-01
   6.5039107e-01
   6.5154719e-01
   6.5270358e-01
   6.5386025e-01
   6.5501718e-01
   6.5617438e-01
   6.5733185e-01
   6.5848957e-01
   6.5964756e-01
   6.6080580e-01
   6.6196429e-01
   6.6312303e-01
   6.6428202e-01
   6.6544125e-01
   6.6660072e-01
   6.6776043e-01
   6.6892038e-01
   6.7008055e-01
   6.7124096e-01
   6.7240159e-01
   6.7356245e-01
   6.7472353e-01
   6.7588482e-01
   6.7704634e-01
   6.7820806e-01
   6.7936999e-01
   6.8053213e-01
   6.8169448e-01
   6.8285702e-01
   6.8401977e-01
   6.8518270e-01
   6.8634584e-01
   6.8750916e-01
   6.8867266e-01
   6.8983636e-01
   6.9100023e-01
   6.9216428e-01
   6.9332851e-01
   6.9449291e-01
   6.9565748e-01
   6.9682222e-01
   6.9798713e-01
   6.9915219e-01
   7.0031741e-01
   7.0148279e-01
   7.0264833e-01
   7.0381401e-01
   7.0497985e-01
   7.0614582e-01
   7.0731194e-01
   7.0847820e-01
   7.0964460e-01
   7.1081113e-01
   7.1197779e-01
   7.1314458e-01
   7.1431150e-01
   7.1547854e-01
   7.1664569e-01
   7.1781297e-01
   7.1898036e-01
   7.2014787e-01
   7.2131548e-01
   7.2248320e-01
   7.2365102e-01
   7.2481895e-01
   7.2598697e-01
   7.2715509e-01
   7.2832330e-01
   7.2949161e-01
   7.3066000e-01
   7.3182847e-01
   7.3299703e-01
   7.3416567e-01
   7.3533438e-01
   7.3650317e-01
   7.3767203e-01
   7.3884095e-01
   7.4000995e-01
   7.4117900e-01
   7.4234812e-01
   7.4351730e-01
   7.4468653e-01
   7.4585581e-01
   7.4702515e-01
   7.4819453e-01
   7.4936395e-01
   7.5053342e-01
   7.5170293e-01
   7.5287247e-01
   7.5404205e-01
   7.5521166e-01
   7.5638130e-01
   7.5755096e-01
   7.5872065e-01
   7.5989036e-01
   7.6106009e-01
   7.6222983e-01
   7.6339959e-01
   7.6456935e-01
   7.6573913e-01
   7.6690891e-01
   7.6807869e-01
   7.6924847e-01
   7.7041825e-01
   7.7158803e-01
   7.7275779e-01
   7.7392755e-01
   7.7509729e-01
   7.7626702e-01
   7.7743673e-01
   7.7860642e-01
   7.7977608e-01
   7.8094572e-01
   7.8211533e-01
   7.8328491e-01
   7.8445446e-01
   7.8562397e-01
   7.8679344e-01
   7.8796288e-01
   7.8913226e-01
   7.9030160e-01
   7.9147090e-01
   7.9264014e-01
   7.9380933e-01
   7.9497846e-01
   7.9614753e-01
   7.9731654e-01
   7.9848549e-01
   7.9965437e-01
   8.0082318e-01
   8.0199192e-01
   8.0316059e-01
   8.0432918e-01
   8.0549769e-01
   8.0666612e-01
   8.0783446e-01
   8.0900272e-01
   8.1017089e-01
   8.1133897e-01
   8.1250696e-01
   8.1367485e-01
   8.1484264e-01
   8.1601033e-01
   8.1717792e-01
   8.1834540e-01
   8.1951277e-01
   8.2068003e-01
   8.2184718e-01
   8.2301421e-01
   8.2418112e-01
   8.2534792e-01
   8.2651459e-01
   8.2768113e-01
   8.2884755e-01
   8.3001383e-01
   8.3117999e-01
   8.3234601e-01
   8.3351189e-01
   8.3467763e-01
   8.3584323e-01
   8.3700868e-01
   8.3817399e-01
   8.3933915e-01
   8.4050416e-01
   8.4166901e-01
   8.4283370e-01
   8.4399824e-01
   8.4516262e-01
   8.4632683e-01
   8.4749088e-01
   8.4865475e-01
   8.4981846e-01
   8.5098200e-01
   8.5214535e-01
   8.5330854e-01
   8.5447154e-01
   8.5563436e-01
   8.5679699e-01
   8.5795944e-01
   8.5912170e-01
   8.6028377e-01
   8.6144564e-01
   8.6260732e-01
   8.6376880e-01
   8.6493008e-01
   8.6609115e-01
   8.6725202e-01
   8.6841268e-01
   8.6957314e-01
   8.7073338e-01
   8.7189341e-01
   8.7305322e-01
   8.7421281e-01
   8.7537218e-01
   8.7653132e-01
   8.7769025e-01
   8.7884894e-01
   8.8000740e-01
   8.8116563e-01
   8.8232363e-01
   8.8348139e-01
   8.8463891e-01
   8.8579619e-01
   8.8695323e-01
   8.8811002e-01
   8.8926656e-01
   8.9042286e-01
   8.9157890e-01
   8.9273469e-01
   8.9389022e-01
   8.9504549e-01
   8.9620050e-01
   8.9735525e-01
   8.9850973e-01
   8.9966395e-01
   9.0081789e-01
   9.0197157e-01
   9.0312497e-01
   9.0427809e-01
   9.0543094e-01
   9.0658351e-01
   9.0773579e-01
   9.0888779e-01
   9.1003950e-01
   9.1119093e-01
   9.1234206e-01
   9.1349290e-01
   9.1464345e-01
   9.1579370e-01
   9.1694365e-01
   9.1809329e-01
   9.1924264e-01
   9.2039168e-01
   9.2154041e-01
   9.2268883e-01
   9.2383694e-01
   9.2498473e-01
   9.2613221e-01
   9.2727938e-01
   9.2842622e-01
   9.2957274e-01
   9.3071894e-01
   9.3186481e-01
   9.3301035e-01
   9.3415556e-01
   9.3530044e-01
   9.3644498e-01
   9.3758919e-01
   9.3873306e-01
   9.3987659e-01
   9.4101978e-01
   9.4216263e-01
   9.4330512e-01
   9.4444727e-01
   9.4558907e-01
   9.4673052e-01
   9.4787161e-01
   9.4901235e-01
   9.5015273e-01
   9.5129275e-01
   9.5243240e-01
   9.5357170e-01
   9.5471062e-01
   9.5584918e-01
   9.5698737e-01
   9.5812519e-01
   9.5926263e-01
   9.6039970e-01
   9.6153639e-01
   9.6267270e-01
   9.6380862e-01
   9.6494417e-01
   9.6607933e-01
   9.6721410e-01
   9.6834849e-01
   9.6948248e-01
   9.7061608e-01
   9.7174929e-01
   9.7288209e-01
   9.7401451e-01
   9.7514652e-01
   9.7627812e-01
   9.7740933e-01
   9.7854012e-01
   9.7967051e-01
   9.8080050e-01
   9.8193006e-01
   9.8305922e-01
   9.8418796e-01
   9.8531628e-01
   9.8644419e-01
   9.8757167e-01
   9.8869873e-01
   9.8982537e-01
   9.9095158e-01
   9.9207737e-01
   9.9320272e-01
   9.9432764e-01
   9.9545213e-01
   9.9657619e-01
   9.9769980e-01
   9.9882298e-01
   9.9994572e-01
   1.0010680e+00
   1.0021899e+00
   1.0033113e+00
   1.0044322e+00
   1.0055527e+00
   1.0066728e+00
   1.0077924e+00
   1.0089116e+00
   1.0100303e+00
   1.0111485e+00
   1.0122663e+00
   1.0133836e+00
   1.0145004e+00
   1.0156168e+00
   1.0167328e+00
   1.0178482e+00
   1.0189632e+00
   1.0200777e+00
   1.0211917e+00
   1.0223053e+00
   1.0234184e+00
   1.0245310e+00
   1.0256431e+00
   1.0267548e+00
   1.0278660e+00
   1.0289766e+00
   1.0300868e+00
   1.0311965e+00
   1.0323058e+00
   1.0334145e+00
   1.0345227e+00
   1.0356305e+00
   1.0367377e+00
   1.0378444e+00
   1.0389507e+00
   1.0400564e+00
   1.0411617e+00
   1.0422664e+00
   1.0433706e+00
   1.0444743e+00
   1.0455776e+00
   1.0466803e+00
   1.0477825e+00
   1.0488841e+00
   1.0499853e+00
   1.0510859e+00
   1.0521861e+00
   1.0532857e+00
   1.0543847e+00
   1.0554833e+00
   1.0565813e+00
   1.0576788e+00
   1.0587758e+00
   1.0598723e+00
   1.0609682e+00
   1.0620636e+00
   1.0631584e+00
   1.0642528e+00
   1.0653465e+00
   1.0664398e+00
   1.0675325e+00
   1.0686246e+00
   1.0697163e+00
   1.0708073e+00
   1.0718979e+00
   1.0729878e+00
   1.0740773e+00
   1.0751662e+00
   1.0762545e+00
   1.0773423e+00
   1.0784295e+00
   1.0795161e+00
   1.0806023e+00
   1.0816878e+00
   1.0827728e+00
   1.0838572e+00
   1.0849411e+00
   1.0860244e+00
   1.0871071e+00
   1.0881893e+00
   1.0892709e+00
   1.0903519e+00
   1.0914323e+00
   1.0925122e+00
   1.0935915e+00
   1.0946703e+00
   1.0957484e+00
   1.0968260e+00
   1.0979030e+00
   1.0989794e+00
   1.1000552e+00
   1.1011305e+00
   1.1022051e+00
   1.1032792e+00
   1.1043527e+00
   1.1054256e+00
   1.1064979e+00
   1.1075696e+00
   1.1086407e+00
   1.1097112e+00
   1.1107812e+00
   1.1118505e+00
   1.1129192e+00
   1.1139874e+00
   1.1150549e+00
   1.1161218e+00
   1.1171881e+00
   1.1182539e+00
   1.1193190e+00
   1.1203835e+00
   1.1214474e+00
   1.1225106e+00
   1.1235733e+00
   1.1246354e+00
   1.1256968e+00
   1.1267576e+00
   1.1278179e+00
   1.1288774e+00
   1.1299364e+00
   1.1309948e+00
   1.1320525e+00
   1.1331096e+00
   1.1341661e+00
   1.1352220e+00
   1.1362772e+00
   1.1373318e+00
   1.1383858e+00
   1.1394391e+00
   1.1404918e+00
   1.1415439e+00
   1.1425954e+00
   1.1436462e+00
   1.1446964e+00
   1.1457459e+00
   1.1467948e+00
   1.1478431e+00
   1.1488907e+00
   1.1499377e+00
   1.1509840e+00
   1.1520297e+00
   1.1530747e+00
   1.1541191e+00
   1.1551629e+00
   1.1562060e+00
   1.1572484e+00
   1.1582902e+00
   1.1593314e+00
   1.1603719e+00
   1.1614117e+00
   1.1624509e+00
   1.1634895e+00
   1.1645273e+00
   1.1655645e+00
   1.1666011e+00
   1.1676370e+00
   1.1686722e+00
   1.1697068e+00
   1.1707407e+00
   1.1717739e+00
   1.1728065e+00
   1.1738384e+00
   1.1748696e+00
   1.1759002e+00
   1.1769301e+00
   1.1779593e+00
   1.1789879e+00
   1.1800157e+00
   1.1810429e+00
   1.1820695e+00
   1.1830953e+00
   1.1841205e+00
   1.1851450e+00
   1.1861688e+00
   1.1871919e+00
   1.1882144e+00
   1.1892361e+00
   1.1902572e+00
   1.1912776e+00
   1.1922973e+00
   1.1933164e+00
   1.1943347e+00
   1.1953524e+00
   1.1963693e+00
   1.1973856e+00
   1.1984012e+00
   1.1994161e+00
   1.2004302e+00
   1.2014437e+00
   1.2024565e+00
   1.2034686e+00
   1.2044801e+00
   1.2054908e+00
   1.2065008e+00
   1.2075101e+00
   1.2085187e+00
   1.2095266e+00
   1.2105338e+00
   1.2115403e+00
   1.2125461e+00
   1.2135512e+00
   1.2145556e+00
   1.2155592e+00
   1.2165622e+00
   1.2175645e+00
   1.2185660e+00
   1.2195669e+00
   1.2205670e+00
   1.2215664e+00
   1.2225651e+00
   1.2235631e+00
   1.2245604e+00
   1.2255569e+00
   1.2265528e+00
   1.2275479e+00
   1.2285423e+00
   1.2295360e+00
   1.2305289e+00
   1.2315212e+00
   1.2325127e+00
   1.2335035e+00
   1.2344935e+00
   1.2354829e+00
   1.2364715e+00
   1.2374594e+00
   1.2384466e+00
   1.2394330e+00
   1.2404187e+00
   1.2414037e+00
   1.2423880e+00
   1.2433715e+00
   1.2443543e+00
   1.2453364e+00
   1.2463177e+00
   1.2472983e+00
   1.2482781e+00
   1.2492573e+00
   1.2502357e+00
   1.2512133e+00
   1.2521902e+00
   1.2531664e+00
   1.2541418e+00
   1.2551165e+00
   1.2560905e+00
   1.2570637e+00
   1.2580362e+00
   1.2590079e+00
   1.2599789e+00
   1.2609491e+00
   1.2619186e+00
   1.2628874e+00
   1.2638554e+00
   1.2648227e+00
   1.2657892e+00
   1.2667549e+00
   1.2677199e+00
   1.2686842e+00
   1.2696477e+00
   1.2706105e+00
   1.2715725e+00
   1.2725338e+00
   1.2734943e+00
   1.2744540e+00
   1.2754130e+00
   1.2763713e+00
   1.2773288e+00
   1.2782855e+00
   1.2792415e+00
   1.2801967e+00
   1.2811511e+00
   1.2821048e+00
   1.2830578e+00
   1.2840100e+00
   1.2849614e+00
   1.2859121e+00
   1.2868619e+00
   1.2878111e+00
   1.2887595e+00
   1.2897071e+00
   1.2906539e+00
   1.2916000e+00
   1.2925453e+00
   1.2934899e+00
   1.2944336e+00
   1.2953767e+00
   1.2963189e+00
   1.2972604e+00
   1.2982011e+00
   1.2991410e+00
   1.3000802e+00
   1.3010186e+00
   1.3019562e+00
   1.3028931e+00
   1.3038292e+00
   1.3047645e+00
   1.3056990e+00
   1.3066328e+00
   1.3075658e+00
   1.3084980e+00
   1.3094294e+00
   1.3103601e+00
   1.3112900e+00
   1.3122191e+00
   1.3131474e+00
   1.3140750e+00
   1.3150018e+00
   1.3159278e+00
   1.3168530e+00
   1.3177774e+00
   1.3187011e+00
   1.3196240e+00
   1.3205461e+00
   1.3214674e+00
   1.3223879e+00
   1.3233077e+00
   1.3242266e+00
   1.3251448e+00
   1.3260622e+00
   1.3269788e+00
   1.3278947e+00
   1.3288097e+00
   1.3297240e+00
   1.3306374e+00
   1.3315501e+00
   1.3324620e+00
   1.3333731e+00
   1.3342835e+00
   1.3351930e+00
   1.3361017e+00
   1.3370097e+00
   1.3379169e+00
   1.3388232e+00
   1.3397288e+00
   1.3406336e+00
   1.3415376e+00
   1.3424408e+00
   1.3433432e+00
   1.3442449e+00
   1.3451457e+00
   1.3460457e+00
   1.3469450e+00
   1.3478434e+00
   1.3487411e+00
   1.3496380e+00
   1.3505340e+00
   1.3514293e+00
   1.3523238e+00
   1.3532174e+00
   1.3541103e+00
   1.3550024e+00
   1.3558937e+00
   1.3567842e+00
   1.3576739e+00
   1.3585628e+00
   1.3594509e+00
   1.3603381e+00
   1.3612246e+00
   1.3621103e+00
   1.3629952e+00
   1.3638793e+00
   1.3647626e+00
   1.3656451e+00
   1.3665268e+00
   1.3674077e+00
   1.3682878e+00
   1.3691671e+00
   1.3700455e+00
   1.3709232e+00
   1.3718001e+00
   1.3726762e+00
   1.3735514e+00
   1.3744259e+00
   1.3752996e+00
   1.3761724e+00
   1.3770445e+00
   1.3779157e+00
   1.3787862e+00
   1.3796558e+00
   1.3805246e+00
   1.3813927e+00
   1.3822599e+00
   1.3831263e+00
   1.3839919e+00
   1.3848567e+00
   1.3857207e+00
   1.3865839e+00
   1.3874462e+00
   1.3883078e+00
   1.3891685e+00
   1.3900285e+00
   1.3908876e+00
   1.3917460e+00
   1.3926035e+00
   1.3934602e+00
   1.3943161e+00
   1.3951712e+00
   1.3960255e+00
   1.3968789e+00
   1.3977316e+00
   1.3985834e+00
   1.3994345e+00
   1.4002847e+00
   1.4011341e+00
   1.4019827e+00
   1.4028305e+00
   1.4036775e+00
   1.4045237e+00
   1.4053690e+00
   1.4062136e+00
   1.4070573e+00
   1.4079002e+00
   1.4087423e+00
   1.4095836e+00
   1.4104241e+00
   1.4112638e+00
   1.4121026e+00
   1.4129407e+00
   1.4137779e+00
   1.4146143e+00
   1.4154499e+00
   1.4162847e+00
   1.4171187e+00
   1.4179518e+00
   1.4187842e+00
   1.4196157e+00
   1.4204464e+00
   1.4212763e+00
   1.4221054e+00
   1.4229337e+00
   1.4237611e+00
   1.4245877e+00
   1.4254136e+00
   1.4262386e+00
   1.4270628e+00
   1.4278861e+00
   1.4287087e+00
   1.4295304e+00
   1.4303514e+00
   1.4311715e+00
   1.4319908e+00
   1.4328092e+00
   1.4336269e+00
   1.4344437e+00
   1.4352598e+00
   1.4360750e+00
   1.4368894e+00
   1.4377029e+00
   1.4385157e+00
   1.4393276e+00
   1.4401388e+00
   1.4409491e+00
   1.4417586e+00
   1.4425673e+00
   1.4433751e+00
   1.4441821e+00
   1.4449884e+00
   1.4457938e+00
   1.4465984e+00
   1.4474021e+00
   1.4482051e+00
   1.4490072e+00
   1.4498086e+00
   1.4506091e+00
   1.4514087e+00
   1.4522076e+00
   1.4530057e+00
   1.4538029e+00
   1.4545993e+00
   1.4553949e+00
   1.4561897e+00
   1.4569836e+00
   1.4577768e+00
   1.4585691e+00
   1.4593606e+00
   1.4601513e+00
   1.4609412e+00
   1.4617302e+00
   1.4625185e+00
   1.4633059e+00
   1.4640925e+00
   1.4648783e+00
   1.4656633e+00
   1.4664474e+00
   1.4672307e+00
   1.4680133e+00
   1.4687950e+00
   1.4695758e+00
   1.4703559e+00
   1.4711352e+00
   1.4719136e+00
   1.4726912e+00
   1.4734680e+00
   1.4742440e+00
   1.4750191e+00
   1.4757935e+00
   1.4765670e+00
   1.4773397e+00
   1.4781116e+00
   1.4788827e+00
   1.4796530e+00
   1.4804224e+00
   1.4811910e+00
   1.4819589e+00
   1.4827259e+00
   1.4834920e+00
   1.4842574e+00
   1.4850219e+00
   1.4857857e+00
   1.4865486e+00
   1.4873107e+00
   1.4880720e+00
   1.4888325e+00
   1.4895921e+00
   1.4903509e+00
   1.4911090e+00
   1.4918662e+00
   1.4926226e+00
   1.4933781e+00
   1.4941329e+00
   1.4948869e+00
   1.4956400e+00
   1.4963923e+00
   1.4971438e+00
   1.4978945e+00
   1.4986444e+00
   1.4993934e+00
   1.5001417e+00
   1.5008891e+00
   1.5016357e+00
   1.5023816e+00
   1.5031266e+00
   1.5038707e+00
   1.5046141e+00
   1.5053567e+00
   1.5060984e+00
   1.5068393e+00
   1.5075794e+00
   1.5083187e+00
   1.5090572e+00
   1.5097949e+00
   1.5105318e+00
   1.5112678e+00
   1.5120031e+00
   1.5127375e+00
   1.5134711e+00
   1.5142040e+00
   1.5149360e+00
   1.5156671e+00
   1.5163975e+00
   1.5171271e+00
   1.5178559e+00
   1.5185838e+00
   1.5193109e+00
   1.5200373e+00
   1.5207628e+00
   1.5214875e+00
   1.5222114e+00
   1.5229345e+00
   1.5236568e+00
   1.5243783e+00
   1.5250989e+00
   1.5258188e+00
   1.5265378e+00
   1.5272561e+00
   1.5279735e+00
   1.5286901e+00
   1.5294060e+00
   1.5301210e+00
   1.5308352e+00
   1.5315486e+00
   1.5322612e+00
   1.5329730e+00
   1.5336840e+00
   1.5343941e+00
   1.5351035e+00
   1.5358121e+00
   1.5365198e+00
   1.5372268e+00
   1.5379330e+00
   1.5386383e+00
   1.5393429e+00
   1.5400466e+00
   1.5407495e+00
   1.5414517e+00
   1.5421530e+00
   1.5428535e+00
   1.5435533e+00
   1.5442522e+00
   1.5449503e+00
   1.5456476e+00
   1.5463442e+00
   1.5470399e+00
   1.5477348e+00
   1.5484289e+00
   1.5491222e+00
   1.5498148e+00
   1.5505065e+00
   1.5511974e+00
   1.5518875e+00
   1.5525768e+00
   1.5532654e+00
   1.5539531e+00
   1.5546400e+00
   1.5553261e+00
   1.5560115e+00
   1.5566960e+00
   1.5573797e+00
   1.5580627e+00
   1.5587448e+00
   1.5594262e+00
   1.5601067e+00
   1.5607865e+00
   1.5614654e+00
   1.5621436e+00
   1.5628209e+00
   1.5634975e+00
   1.5641733e+00
   1.5648483e+00
   1.5655225e+00
   1.5661959e+00
   1.5668685e+00
   1.5675403e+00
   1.5682113e+00
   1.5688816e+00
   1.5695510e+00
   1.5702196e+00
   1.5708875e+00
   1.5715546e+00
   1.5722208e+00
   1.5728863e+00
   1.5735510e+00
   1.5742149e+00
   1.5748780e+00
   1.5755404e+00
   1.5762019e+00
   1.5768627e+00
   1.5775226e+00
   1.5781818e+00
   1.5788402e+00
   1.5794978e+00
   1.5801546e+00
   1.5808106e+00
   1.5814659e+00
   1.5821203e+00
   1.5827740e+00
   1.5834269e+00
   1.5840790e+00
   1.5847303e+00
   1.5853809e+00
   1.5860306e+00
   1.5866796e+00
   1.5873278e+00
   1.5879752e+00
   1.5886218e+00
   1.5892676e+00
   1.5899127e+00
   1.5905570e+00
   1.5912005e+00
   1.5918432e+00
   1.5924852e+00
   1.5931263e+00
   1.5937667e+00
   1.5944063e+00
   1.5950451e+00
   1.5956832e+00
   1.5963204e+00
   1.5969569e+00
   1.5975927e+00
   1.5982276e+00
   1.5988618e+00
   1.5994952e+00
   1.6001278e+00
   1.6007596e+00
   1.6013907e+00
   1.6020210e+00
   1.6026505e+00
   1.6032792e+00
   1.6039072e+00
   1.6045344e+00
   1.6051608e+00
   1.6057865e+00
   1.6064114e+00
   1.6070355e+00
   1.6076588e+00
   1.6082814e+00
   1.6089032e+00
   1.6095242e+00
   1.6101445e+00
   1.6107640e+00
   1.6113827e+00
   1.6120007e+00
   1.6126179e+00
   1.6132343e+00
   1.6138500e+00
   1.6144649e+00
   1.6150790e+00
   1.6156924e+00
   1.6163050e+00
   1.6169168e+00
   1.6175279e+00
   1.6181382e+00
   1.6187477e+00
   1.6193565e+00
   1.6199645e+00
   1.6205718e+00
   1.6211783e+00
   1.6217840e+00
   1.6223890e+00
   1.6229932e+00
   1.6235967e+00
   1.6241994e+00
   1.6248013e+00
   1.6254025e+00
   1.6260029e+00
   1.6266026e+00
   1.6272015e+00
   1.6277997e+00
   1.6283971e+00
   1.6289937e+00
   1.6295896e+00
   1.6301847e+00
   1.6307791e+00
   1.6313727e+00
   1.6319656e+00
   1.6325577e+00
   1.6331491e+00
   1.6337397e+00
   1.6343296e+00
   1.6349187e+00
   1.6355070e+00
   1.6360947e+00
   1.6366815e+00
   1.6372676e+00
   1.6378530e+00
   1.6384376e+00
   1.6390215e+00
   1.6396046e+00
   1.6401870e+00
   1.6407686e+00
   1.6413495e+00
   1.6419296e+00
   1.6425090e+00
   1.6430877e+00
   1.6436656e+00
   1.6442427e+00
   1.6448191e+00
   1.6453948e+00
   1.6459697e+00
   1.6465439e+00
   1.6471174e+00
   1.6476901e+00
   1.6482620e+00
   1.6488333e+00
   1.6494038e+00
   1.6499735e+00
   1.6505425e+00
   1.6511108e+00
   1.6516783e+00
   1.6522451e+00
   1.6528112e+00
   1.6533765e+00
   1.6539411e+00
   1.6545050e+00
   1.6550681e+00
   1.6556305e+00
   1.6561921e+00
   1.6567531e+00
   1.6573132e+00
   1.6578727e+00
   1.6584314e+00
   1.6589894e+00
   1.6595467e+00
   1.6601032e+00
   1.6606590e+00
   1.6612141e+00
   1.6617684e+00
   1.6623221e+00
   1.6628750e+00
   1.6634271e+00
   1.6639786e+00
   1.6645293e+00
   1.6650793e+00
   1.6656285e+00
   1.6661771e+00
   1.6667249e+00
   1.6672720e+00
   1.6678183e+00
   1.6683640e+00
   1.6689089e+00
   1.6694531e+00
   1.6699966e+00
   1.6705394e+00
   1.6710814e+00
   1.6716227e+00
   1.6721633e+00
   1.6727032e+00
   1.6732424e+00
   1.6737809e+00
   1.6743186e+00
   1.6748556e+00
   1.6753919e+00
   1.6759275e+00
   1.6764624e+00
   1.6769965e+00
   1.6775300e+00
   1.6780627e+00
   1.6785947e+00
   1.6791260e+00
   1.6796566e+00
   1.6801865e+00
   1.6807157e+00
   1.6812442e+00
   1.6817719e+00
   1.6822990e+00
   1.6828253e+00
   1.6833510e+00
   1.6838759e+00
   1.6844001e+00
   1.6849236e+00
   1.6854464e+00
   1.6859685e+00
   1.6864899e+00
   1.6870106e+00
   1.6875306e+00
   1.6880499e+00
   1.6885685e+00
   1.6890864e+00
   1.6896036e+00
   1.6901201e+00
   1.6906358e+00
   1.6911509e+00
   1.6916653e+00
   1.6921790e+00
   1.6926920e+00
   1.6932043e+00
   1.6937159e+00
   1.6942268e+00
   1.6947370e+00
   1.6952465e+00
   1.6957553e+00
   1.6962634e+00
   1.6967709e+00
   1.6972776e+00
   1.6977836e+00
   1.6982890e+00
   1.6987936e+00
   1.6992976e+00
   1.6998009e+00
   1.7003035e+00
   1.7008054e+00
   1.7013066e+00
   1.7018071e+00
   1.7023070e+00
   1.7028061e+00
   1.7033046e+00
   1.7038023e+00
   1.7042994e+00
   1.7047958e+00
   1.7052916e+00
   1.7057866e+00
   1.7062810e+00
   1.7067746e+00
   1.7072676e+00
   1.7077599e+00
   1.7082516e+00
   1.7087425e+00
   1.7092328e+00
   1.7097224e+00
   1.7102113e+00
   1.7106996e+00
   1.7111871e+00
   1.7116740e+00
   1.7121602e+00
   1.7126457e+00
   1.7131306e+00
   1.7136148e+00
   1.7140983e+00
   1.7145811e+00
   1.7150633e+00
   1.7155448e+00
   1.7160256e+00
   1.7165058e+00
   1.7169853e+00
   1.7174641e+00
   1.7179422e+00
   1.7184197e+00
   1.7188965e+00
   1.7193726e+00
   1.7198481e+00
   1.7203229e+00
   1.7207970e+00
   1.7212705e+00
   1.7217433e+00
   1.7222155e+00
   1.7226870e+00
   1.7231578e+00
   1.7236279e+00
   1.7240974e+00
   1.7245663e+00
   1.7250344e+00
   1.7255020e+00
   1.7259688e+00
   1.7264350e+00
   1.7269006e+00
   1.7273654e+00
   1.7278297e+00
   1.7282932e+00
   1.7287561e+00
   1.7292184e+00
   1.7296800e+00
   1.7301410e+00
   1.7306013e+00
   1.7310609e+00
   1.7315199e+00
   1.7319782e+00
   1.7324359e+00
   1.7328930e+00
   1.7333493e+00
   1.7338051e+00
   1.7342602e+00
   1.7347146e+00
   1.7351684e+00
   1.7356216e+00
   1.7360741e+00
   1.7365259e+00
   1.7369771e+00
   1.7374277e+00
   1.7378776e+00
   1.7383269e+00
   1.7387755e+00
   1.7392235e+00
   1.7396709e+00
   1.7401176e+00
   1.7405637e+00
   1.7410091e+00
   1.7414539e+00
   1.7418981e+00
   1.7423416e+00
   1.7427845e+00
   1.7432267e+00
   1.7436683e+00
   1.7441093e+00
   1.7445496e+00
   1.7449893e+00
   1.7454284e+00
   1.7458668e+00
   1.7463046e+00
   1.7467418e+00
   1.7471784e+00
   1.7476143e+00
   1.7480495e+00
   1.7484842e+00
   1.7489182e+00
   1.7493516e+00
   1.7497844e+00
   1.7502165e+00
   1.7506480e+00
   1.7510789e+00
   1.7515092e+00
   1.7519388e+00
   1.7523678e+00
   1.7527962e+00
   1.7532240e+00
   1.7536511e+00
   1.7540776e+00
   1.7545035e+00
   1.7549288e+00
   1.7553535e+00
   1.7557775e+00
   1.7562009e+00
   1.7566237e+00
   1.7570459e+00
   1.7574675e+00
   1.7578885e+00
   1.7583088e+00
   1.7587285e+00
   1.7591476e+00
   1.7595661e+00
   1.7599840e+00
   1.7604013e+00
   1.7608179e+00
   1.7612340e+00
   1.7616494e+00
   1.7620642e+00
   1.7624785e+00
   1.7628921e+00
   1.7633051e+00
   1.7637174e+00
   1.7641292e+00
   1.7645404e+00
   1.7649510e+00
   1.7653609e+00
   1.7657703e+00
   1.7661791e+00
   1.7665872e+00
   1.7669948e+00
   1.7674017e+00
   1.7678081e+00
   1.7682138e+00
   1.7686190e+00
   1.7690235e+00
   1.7694275e+00
   1.7698308e+00
   1.7702336e+00
   1.7706357e+00
   1.7710373e+00
   1.7714382e+00
   1.7718386e+00
   1.7722384e+00
   1.7726375e+00
   1.7730361e+00
   1.7734341e+00
   1.7738315e+00
   1.7742283e+00
   1.7746245e+00
   1.7750201e+00
   1.7754152e+00
   1.7758096e+00
   1.7762035e+00
   1.7765967e+00
   1.7769894e+00
   1.7773815e+00
   1.7777730e+00
   1.7781639e+00
   1.7785543e+00
   1.7789440e+00
   1.7793332e+00
   1.7797218e+00
   1.7801098e+00
   1.7804972e+00
   1.7808840e+00
   1.7812703e+00
   1.7816560e+00
   1.7820411e+00
   1.7824256e+00
   1.7828095e+00
   1.7831929e+00
   1.7835757e+00
   1.7839579e+00
   1.7843395e+00
   1.7847206e+00
   1.7851010e+00
   1.7854810e+00
   1.7858603e+00
   1.7862390e+00
   1.7866172e+00
   1.7869949e+00
   1.7873719e+00
   1.7877484e+00
   1.7881243e+00
   1.7884996e+00
   1.7888744e+00
   1.7892486e+00
   1.7896222e+00
   1.7899953e+00
   1.7903678e+00
   1.7907397e+00
   1.7911111e+00
   1.7914819e+00
   1.7918522e+00
   1.7922218e+00
   1.7925910e+00
   1.7929595e+00
   1.7933275e+00
   1.7936949e+00
   1.7940618e+00
   1.7944281e+00
   1.7947939e+00
   1.7951591e+00
   1.7955237e+00
   1.7958878e+00
   1.7962514e+00
   1.7966143e+00
   1.7969767e+00
   1.7973386e+00
   1.7976999e+00
   1.7980607e+00
   1.7984209e+00
   1.7987805e+00
   1.7991396e+00
   1.7994982e+00
   1.7998562e+00
   1.8002136e+00
   1.8005705e+00
   1.8009269e+00
   1.8012827e+00
   1.8016379e+00
   1.8019927e+00
   1.8023468e+00
   1.8027004e+00
   1.8030535e+00
   1.8034061e+00
   1.8037580e+00
   1.8041095e+00
   1.8044604e+00
   1.8048108e+00
   1.8051606e+00
   1.8055099e+00
   1.8058586e+00
   1.8062068e+00
   1.8065545e+00
   1.8069016e+00
   1.8072482e+00
   1.8075942e+00
   1.8079398e+00
   1.8082847e+00
   1.8086292e+00
   1.8089731e+00
   1.8093165e+00
   1.8096593e+00
   1.8100016e+00
   1.8103434e+00
   1.8106847e+00
   1.8110254e+00
   1.8113656e+00
   1.8117052e+00
   1.8120444e+00
   1.8123830e+00
   1.8127210e+00
   1.8130586e+00
   1.8133956e+00
   1.8137321e+00
   1.8140681e+00
   1.8144035e+00
   1.8147385e+00
   1.8150729e+00
   1.8154067e+00
   1.8157401e+00
   1.8160729e+00
   1.8164052e+00
   1.8167370e+00
   1.8170683e+00
   1.8173991e+00
   1.8177293e+00
   1.8180590e+00
   1.8183882e+00
   1.8187169e+00
   1.8190451e+00
   1.8193727e+00
   1.8196999e+00
   1.8200265e+00
   1.8203526e+00
   1.8206782e+00
   1.8210033e+00
   1.8213279e+00
   1.8216519e+00
   1.8219755e+00
   1.8222985e+00
   1.8226211e+00
   1.8229431e+00
   1.8232646e+00
   1.8235856e+00
   1.8239061e+00
   1.8242261e+00
   1.8245456e+00
   1.8248646e+00
   1.8251831e+00
   1.8255011e+00
   1.8258185e+00
   1.8261355e+00
   1.8264520e+00
   1.8267680e+00
   1.8270834e+00
   1.8273984e+00
   1.8277129e+00
   1.8280268e+00
   1.8283403e+00
   1.8286533e+00
   1.8289658e+00
   1.8292777e+00
   1.8295892e+00
   1.8299002e+00
   1.8302107e+00
   1.8305207e+00
   1.8308302e+00
   1.8311392e+00
   1.8314477e+00
   1.8317558e+00
   1.8320633e+00
   1.8323703e+00
   1.8326769e+00
   1.8329830e+00
   1.8332885e+00
   1.8335936e+00
   1.8338982e+00
   1.8342023e+00
   1.8345060e+00
   1.8348091e+00
   1.8351118e+00
   1.8354139e+00
   1.8357156e+00
   1.8360168e+00
   1.8363176e+00
   1.8366178e+00
   1.8369176e+00
   1.8372168e+00
   1.8375156e+00
   1.8378140e+00
   1.8381118e+00
   1.8384091e+00
   1.8387060e+00
   1.8390024e+00
   1.8392984e+00
   1.8395938e+00
   1.8398888e+00
   1.8401833e+00
   1.8404773e+00
   1.8407709e+00
   1.8410639e+00
   1.8413565e+00
   1.8416487e+00
   1.8419403e+00
   1.8422315e+00
   1.8425222e+00
   1.8428125e+00
   1.8431023e+00
   1.8433916e+00
   1.8436804e+00
   1.8439688e+00
   1.8442567e+00
   1.8445441e+00
   1.8448311e+00
   1.8451176e+00
   1.8454037e+00
   1.8456893e+00
   1.8459744e+00
   1.8462590e+00
   1.8465432e+00
   1.8468270e+00
   1.8471102e+00
   1.8473930e+00
   1.8476754e+00
   1.8479573e+00
   1.8482387e+00
   1.8485197e+00
   1.8488002e+00
   1.8490803e+00
   1.8493599e+00
   1.8496390e+00
   1.8499177e+00
   1.8501960e+00
   1.8504737e+00
   1.8507511e+00
   1.8510280e+00
   1.8513044e+00
   1.8515804e+00
   1.8518559e+00
   1.8521310e+00
   1.8524056e+00
   1.8526797e+00
   1.8529535e+00
   1.8532267e+00
   1.8534996e+00
   1.8537720e+00
   1.8540439e+00
   1.8543154e+00
   1.8545864e+00
   1.8548570e+00
   1.8551272e+00
   1.8553969e+00
   1.8556662e+00
   1.8559350e+00
   1.8562034e+00
   1.8564713e+00
   1.8567388e+00
   1.8570059e+00
   1.8572725e+00
   1.8575387e+00
   1.8578044e+00
   1.8580697e+00
   1.8583346e+00
   1.8585990e+00
   1.8588630e+00
   1.8591266e+00
   1.8593897e+00
   1.8596524e+00
   1.8599146e+00
   1.8601765e+00
   1.8604379e+00
   1.8606988e+00
   1.8609593e+00
   1.8612194e+00
   1.8614791e+00
   1.8617383e+00
   1.8619971e+00
   1.8622555e+00
   1.8625135e+00
   1.8627710e+00
   1.8630281e+00
   1.8632847e+00
   1.8635410e+00
   1.8637968e+00
   1.8640522e+00
   1.8643072e+00
   1.8645617e+00
   1.8648158e+00
   1.8650695e+00
   1.8653228e+00
   1.8655756e+00
   1.8658281e+00
   1.8660801e+00
   1.8663317e+00
   1.8665829e+00
   1.8668336e+00
   1.8670839e+00
   1.8673339e+00
   1.8675834e+00
   1.8678324e+00
   1.8680811e+00
   1.8683294e+00
   1.8685772e+00
   1.8688246e+00
   1.8690716e+00
   1.8693182e+00
   1.8695644e+00
   1.8698102e+00
   1.8700556e+00
   1.8703005e+00
   1.8705451e+00
   1.8707892e+00
   1.8710329e+00
   1.8712762e+00
   1.8715191e+00
   1.8717616e+00
   1.8720037e+00
   1.8722454e+00
   1.8724867e+00
   1.8727275e+00
   1.8729680e+00
   1.8732081e+00
   1.8734477e+00
   1.8736870e+00
   1.8739258e+00
   1.8741643e+00
   1.8744023e+00
   1.8746400e+00
   1.8748772e+00
   1.8751141e+00
   1.8753505e+00
   1.8755866e+00
   1.8758222e+00
   1.8760575e+00
   1.8762924e+00
   1.8765268e+00
   1.8767609e+00
   1.8769945e+00
   1.8772278e+00
   1.8774607e+00
   1.8776932e+00
   1.8779253e+00
   1.8781570e+00
   1.8783883e+00
   1.8786192e+00
   1.8788497e+00
   1.8790799e+00
   1.8793096e+00
   1.8795390e+00
   1.8797679e+00
   1.8799965e+00
   1.8802247e+00
   1.8804525e+00
   1.8806799e+00
   1.8809069e+00
   1.8811336e+00
   1.8813598e+00
   1.8815857e+00
   1.8818112e+00
   1.8820363e+00
   1.8822610e+00
   1.8824854e+00
   1.8827093e+00
   1.8829329e+00
   1.8831561e+00
   1.8833789e+00
   1.8836013e+00
   1.8838234e+00
   1.8840451e+00
   1.8842663e+00
   1.8844873e+00
   1.8847078e+00
   1.8849280e+00
   1.8851478e+00
   1.8853672e+00
   1.8855862e+00
   1.8858049e+00
   1.8860232e+00
   1.8862411e+00
   1.8864586e+00
   1.8866758e+00
   1.8868926e+00
   1.8871090e+00
   1.8873251e+00
   1.8875407e+00
   1.8877561e+00
   1.8879710e+00
   1.8881856e+00
   1.8883998e+00
   1.8886136e+00
   1.8888271e+00
   1.8890402e+00
   1.8892529e+00
   1.8894653e+00
   1.8896773e+00
   1.8898890e+00
   1.8901002e+00
   1.8903112e+00
   1.8905217e+00
   1.8907319e+00
   1.8909417e+00
   1.8911512e+00
   1.8913603e+00
   1.8915690e+00
   1.8917774e+00
   1.8919854e+00
   1.8921931e+00
   1.8924004e+00
   1.8926074e+00
   1.8928140e+00
   1.8930202e+00
   1.8932261e+00
   1.8934316e+00
   1.8936367e+00
   1.8938416e+00
   1.8940460e+00
   1.8942501e+00
   1.8944539e+00
   1.8946573e+00
   1.8948603e+00
   1.8950630e+00
   1.8952653e+00
   1.8954673e+00
   1.8956690e+00
   1.8958702e+00
   1.8960712e+00
   1.8962718e+00
   1.8964720e+00
   1.8966719e+00
   1.8968715e+00
   1.8970707e+00
   1.8972695e+00
   1.8974680e+00
   1.8976662e+00
   1.8978640e+00
   1.8980615e+00
   1.8982586e+00
   1.8984554e+00
   1.8986518e+00
   1.8988479e+00
   1.8990437e+00
   1.8992391e+00
   1.8994342e+00
   1.8996289e+00
   1.8998233e+00
   1.9000174e+00
   1.9002111e+00
   1.9004045e+00
   1.9005975e+00
   1.9007902e+00
   1.9009826e+00
   1.9011746e+00
   1.9013663e+00
   1.9015576e+00
   1.9017487e+00
   1.9019394e+00
   1.9021297e+00
   1.9023197e+00
   1.9025094e+00
   1.9026988e+00
   1.9028878e+00
   1.9030765e+00
   1.9032649e+00
   1.9034529e+00
   1.9036406e+00
   1.9038280e+00
   1.9040150e+00
   1.9042017e+00
   1.9043881e+00
   1.9045742e+00
   1.9047599e+00
   1.9049453e+00
   1.9051304e+00
   1.9053151e+00
   1.9054995e+00
   1.9056836e+00
   1.9058674e+00
   1.9060509e+00
   1.9062340e+00
   1.9064168e+00
   1.9065993e+00
   1.9067815e+00
   1.9069633e+00
   1.9071448e+00
   1.9073260e+00
   1.9075069e+00
   1.9076875e+00
   1.9078677e+00
   1.9080476e+00
   1.9082272e+00
   1.9084065e+00
   1.9085855e+00
   1.9087641e+00
   1.9089425e+00
   1.9091205e+00
   1.9092982e+00
   1.9094756e+00
   1.9096527e+00
   1.9098294e+00
   1.9100059e+00
   1.9101820e+00
   1.9103579e+00
   1.9105334e+00
   1.9107086e+00
   1.9108835e+00
   1.9110580e+00
   1.9112323e+00
   1.9114063e+00
   1.9115799e+00
   1.9117533e+00
   1.9119263e+00
   1.9120990e+00
   1.9122714e+00
   1.9124436e+00
   1.9126154e+00
   1.9127869e+00
   1.9129581e+00
   1.9131290e+00
   1.9132995e+00
   1.9134698e+00
   1.9136398e+00
   1.9138095e+00
   1.9139788e+00
   1.9141479e+00
   1.9143167e+00
   1.9144852e+00
   1.9146533e+00
   1.9148212e+00
   1.9149887e+00
   1.9151560e+00
   1.9153230e+00
   1.9154897e+00
   1.9156560e+00
   1.9158221e+00
   1.9159879e+00
   1.9161534e+00
   1.9163185e+00
   1.9164834e+00
   1.9166480e+00
   1.9168123e+00
   1.9169763e+00
   1.9171400e+00
   1.9173034e+00
   1.9174666e+00
   1.9176294e+00
   1.9177919e+00
   1.9179542e+00
   1.9181161e+00
   1.9182778e+00
   1.9184392e+00
   1.9186002e+00
   1.9187610e+00
   1.9189215e+00
   1.9190818e+00
   1.9192417e+00
   1.9194013e+00
   1.9195607e+00
   1.9197197e+00
   1.9198785e+00
   1.9200370e+00
   1.9201952e+00
   1.9203531e+00
   1.9205108e+00
   1.9206681e+00
   1.9208252e+00
   1.9209820e+00
   1.9211385e+00
   1.9212947e+00
   1.9214506e+00
   1.9216063e+00
   1.9217617e+00
   1.9219168e+00
   1.9220716e+00
   1.9222261e+00
   1.9223804e+00
   1.9225343e+00
   1.9226880e+00
   1.9228415e+00
   1.9229946e+00
   1.9231475e+00
   1.9233001e+00
   1.9234524e+00
   1.9236044e+00
   1.9237562e+00
   1.9239076e+00
   1.9240589e+00
   1.9242098e+00
   1.9243605e+00
   1.9245108e+00
   1.9246610e+00
   1.9248108e+00
   1.9249604e+00
   1.9251097e+00
   1.9252587e+00
   1.9254075e+00
   1.9255559e+00
   1.9257042e+00
   1.9258521e+00
   1.9259998e+00
   1.9261472e+00
   1.9262943e+00
   1.9264412e+00
   1.9265878e+00
   1.9267341e+00
   1.9268802e+00
   1.9270260e+00
   1.9271716e+00
   1.9273168e+00
   1.9274618e+00
   1.9276066e+00
   1.9277511e+00
   1.9278953e+00
   1.9280392e+00
   1.9281829e+00
   1.9283264e+00
   1.9284695e+00
   1.9286124e+00
   1.9287551e+00
   1.9288975e+00
   1.9290396e+00
   1.9291814e+00
   1.9293230e+00
   1.9294644e+00
   1.9296055e+00
   1.9297463e+00
   1.9298869e+00
   1.9300272e+00
   1.9301672e+00
   1.9303070e+00
   1.9304466e+00
   1.9305859e+00
   1.9307249e+00
   1.9308637e+00
   1.9310022e+00
   1.9311404e+00
   1.9312785e+00
   1.9314162e+00
   1.9315537e+00
   1.9316910e+00
   1.9318280e+00
   1.9319647e+00
   1.9321012e+00
   1.9322375e+00
   1.9323735e+00
   1.9325092e+00
   1.9326447e+00
   1.9327799e+00
   1.9329149e+00
   1.9330497e+00
   1.9331842e+00
   1.9333184e+00
   1.9334525e+00
   1.9335862e+00
   1.9337197e+00
   1.9338530e+00
   1.9339860e+00
   1.9341188e+00
   1.9342513e+00
   1.9343836e+00
   1.9345156e+00
   1.9346474e+00
   1.9347790e+00
   1.9349103e+00
   1.9350414e+00
   1.9351722e+00
   1.9353028e+00
   1.9354331e+00
   1.9355632e+00
   1.9356931e+00
   1.9358227e+00
   1.9359521e+00
   1.9360812e+00
   1.9362101e+00
   1.9363388e+00
   1.9364672e+00
   1.9365954e+00
   1.9367233e+00
   1.9368510e+00
   1.9369785e+00
   1.9371057e+00
   1.9372327e+00
   1.9373595e+00
   1.9374860e+00
   1.9376123e+00
   1.9377384e+00
   1.9378642e+00
   1.9379898e+00
   1.9381151e+00
   1.9382403e+00
   1.9383652e+00
   1.9384898e+00
   1.9386142e+00
   1.9387384e+00
   1.9388624e+00
   1.9389861e+00
   1.9391096e+00
   1.9392329e+00
   1.9393560e+00
   1.9394788e+00
   1.9396014e+00
   1.9397237e+00
   1.9398458e+00
   1.9399677e+00
   1.9400894e+00
   1.9402109e+00
   1.9403321e+00
   1.9404531e+00
   1.9405738e+00
   1.9406944e+00
   1.9408147e+00
   1.9409348e+00
   1.9410547e+00
   1.9411743e+00
   1.9412937e+00
   1.9414129e+00
   1.9415319e+00
   1.9416506e+00
   1.9417692e+00
   1.9418875e+00
   1.9420056e+00
   1.9421234e+00
   1.9422411e+00
   1.9423585e+00
   1.9424757e+00
   1.9425927e+00
   1.9427094e+00
   1.9428260e+00
   1.9429423e+00
   1.9430584e+00
   1.9431743e+00
   1.9432900e+00
   1.9434054e+00
   1.9435207e+00
   1.9436357e+00
   1.9437505e+00
   1.9438651e+00
   1.9439795e+00
   1.9440936e+00
   1.9442076e+00
   1.9443213e+00
   1.9444348e+00
   1.9445481e+00
   1.9446612e+00
   1.9447741e+00
   1.9448867e+00
   1.9449992e+00
   1.9451114e+00
   1.9452235e+00
   1.9453353e+00
   1.9454469e+00
   1.9455583e+00
   1.9456695e+00
   1.9457804e+00
   1.9458912e+00
   1.9460018e+00
   1.9461121e+00
   1.9462223e+00
   1.9463322e+00
   1.9464419e+00
   1.9465514e+00
   1.9466607e+00
   1.9467698e+00
   1.9468787e+00
   1.9469874e+00
   1.9470959e+00
   1.9472042e+00
   1.9473123e+00
   1.9474201e+00
   1.9475278e+00
   1.9476353e+00
   1.9477425e+00
   1.9478496e+00
   1.9479565e+00
   1.9480631e+00
   1.9481696e+00
   1.9482758e+00
   1.9483818e+00
   1.9484877e+00
   1.9485933e+00
   1.9486988e+00
   1.9488040e+00
   1.9489091e+00
   1.9490139e+00
   1.9491186e+00
   1.9492230e+00
   1.9493272e+00
   1.9494313e+00
   1.9495351e+00
   1.9496388e+00
   1.9497423e+00
   1.9498455e+00
   1.9499486e+00
   1.9500514e+00
   1.9501541e+00
   1.9502566e+00
   1.9503589e+00
   1.9504610e+00
   1.9505629e+00
   1.9506646e+00
   1.9507661e+00
   1.9508674e+00
   1.9509685e+00
   1.9510694e+00
   1.9511701e+00
   1.9512707e+00
   1.9513710e+00
   1.9514712e+00
   1.9515712e+00
   1.9516709e+00
   1.9517705e+00
   1.9518699e+00
   1.9519691e+00
   1.9520681e+00
   1.9521669e+00
   1.9522656e+00
   1.9523640e+00
   1.9524623e+00
   1.9525604e+00
   1.9526582e+00
   1.9527559e+00
   1.9528534e+00
   1.9529508e+00
   1.9530479e+00
   1.9531449e+00
   1.9532416e+00
   1.9533382e+00
   1.9534346e+00
   1.9535308e+00
   1.9536268e+00
   1.9537227e+00
   1.9538183e+00
   1.9539138e+00
   1.9540091e+00
   1.9541042e+00
   1.9541991e+00
   1.9542939e+00
   1.9543884e+00
   1.9544828e+00
   1.9545770e+00
   1.9546710e+00
   1.9547648e+00
   1.9548585e+00
   1.9549520e+00
   1.9550453e+00
   1.9551384e+00
   1.9552313e+00
   1.9553241e+00
   1.9554167e+00
   1.9555091e+00
   1.9556013e+00
   1.9556933e+00
   1.9557852e+00
   1.9558769e+00
   1.9559684e+00
   1.9560597e+00
   1.9561509e+00
   1.9562419e+00
   1.9563327e+00
   1.9564233e+00
   1.9565138e+00
   1.9566041e+00
   1.9566942e+00
   1.9567841e+00
   1.9568739e+00
   1.9569635e+00
   1.9570529e+00
   1.9571421e+00
   1.9572312e+00
   1.9573201e+00
   1.9574088e+00
   1.9574974e+00
   1.9575858e+00
   1.9576740e+00
   1.9577620e+00
   1.9578499e+00
   1.9579376e+00
   1.9580251e+00
   1.9581125e+00
   1.9581997e+00
   1.9582867e+00
   1.9583736e+00
   1.9584603e+00
   1.9585468e+00
   1.9586331e+00
   1.9587193e+00
   1.9588053e+00
   1.9588912e+00
   1.9589769e+00
   1.9590624e+00
   1.9591477e+00
   1.9592329e+00
   1.9593179e+00
   1.9594028e+00
   1.9594875e+00
   1.9595720e+00
   1.9596564e+00
   1.9597406e+00
   1.9598246e+00
   1.9599085e+00
   1.9599922e+00
   1.9600757e+00
   1.9601591e+00
   1.9602423e+00
   1.9603254e+00
   1.9604083e+00
   1.9604910e+00
   1.9605736e+00
   1.9606560e+00
   1.9607382e+00
   1.9608203e+00
   1.9609023e+00
   1.9609840e+00
   1.9610657e+00
   1.9611471e+00
   1.9612284e+00
   1.9613095e+00
   1.9613905e+00
   1.9614713e+00
   1.9615520e+00
   1.9616325e+00
   1.9617128e+00
   1.9617930e+00
   1.9618731e+00
   1.9619529e+00
   1.9620327e+00
   1.9621122e+00
   1.9621916e+00
   1.9622709e+00
   1.9623500e+00
   1.9624289e+00
   1.9625077e+00
   1.9625864e+00
   1.9626648e+00
   1.9627432e+00
   1.9628213e+00
   1.9628994e+00
   1.9629772e+00
   1.9630549e+00
   1.9631325e+00
   1.9632099e+00
   1.9632872e+00
   1.9633643e+00
   1.9634412e+00
   1.9635180e+00
   1.9635947e+00
   1.9636712e+00
   1.9637475e+00
   1.9638238e+00
   1.9638998e+00
   1.9639757e+00
   1.9640515e+00
   1.9641271e+00
   1.9642025e+00
   1.9642778e+00
   1.9643530e+00
   1.9644280e+00
   1.9645029e+00
   1.9645776e+00
   1.9646522e+00
   1.9647266e+00
   1.9648009e+00
   1.9648750e+00
   1.9649490e+00
   1.9650228e+00
   1.9650965e+00
   1.9651701e+00
   1.9652435e+00
   1.9653168e+00
   1.9653899e+00
   1.9654628e+00
   1.9655357e+00
   1.9656084e+00
   1.9656809e+00
   1.9657533e+00
   1.9658256e+00
   1.9658977e+00
   1.9659696e+00
   1.9660415e+00
   1.9661131e+00
   1.9661847e+00
   1.9662561e+00
   1.9663274e+00
   1.9663985e+00
   1.9664695e+00
   1.9665403e+00
   1.9666110e+00
   1.9666816e+00
   1.9667520e+00
   1.9668223e+00
   1.9668924e+00
   1.9669624e+00
   1.9670323e+00
   1.9671020e+00
   1.9671716e+00
   1.9672410e+00
   1.9673104e+00
   1.9673795e+00
   1.9674486e+00
   1.9675175e+00
   1.9675862e+00
   1.9676549e+00
   1.9677234e+00
   1.9677917e+00
   1.9678599e+00
   1.9679280e+00
   1.9679960e+00
   1.9680638e+00
   1.9681315e+00
   1.9681990e+00
   1.9682664e+00
   1.9683337e+00
   1.9684009e+00
   1.9684679e+00
   1.9685348e+00
   1.9686015e+00
   1.9686681e+00
   1.9687346e+00
   1.9688009e+00
   1.9688672e+00
   1.9689332e+00
   1.9689992e+00
   1.9690650e+00
   1.9691307e+00
   1.9691963e+00
   1.9692617e+00
   1.9693270e+00
   1.9693922e+00
   1.9694572e+00
   1.9695221e+00
   1.9695869e+00
   1.9696515e+00
   1.9697161e+00
   1.9697805e+00
   1.9698447e+00
   1.9699089e+00
   1.9699729e+00
   1.9700368e+00
   1.9701005e+00
   1.9701641e+00
   1.9702276e+00
   1.9702910e+00
   1.9703543e+00
   1.9704174e+00
   1.9704804e+00
   1.9705432e+00
   1.9706060e+00
   1.9706686e+00
   1.9707311e+00
   1.9707934e+00
   1.9708557e+00
   1.9709178e+00
   1.9709798e+00
   1.9710417e+00
   1.9711034e+00
   1.9711650e+00
   1.9712265e+00
   1.9712879e+00
   1.9713492e+00
   1.9714103e+00
   1.9714713e+00
   1.9715322e+00
   1.9715929e+00
   1.9716536e+00
   1.9717141e+00
   1.9717745e+00
   1.9718348e+00
   1.9718949e+00
   1.9719550e+00
   1.9720149e+00
   1.9720747e+00
   1.9721343e+00
   1.9721939e+00
   1.9722533e+00
   1.9723126e+00
   1.9723718e+00
   1.9724309e+00
   1.9724899e+00
   1.9725487e+00
   1.9726074e+00
   1.9726660e+00
   1.9727245e+00
   1.9727829e+00
   1.9728411e+00
   1.9728993e+00
   1.9729573e+00
   1.9730152e+00
   1.9730730e+00
   1.9731306e+00
   1.9731882e+00
   1.9732456e+00
   1.9733029e+00
   1.9733601e+00
   1.9734172e+00
   1.9734742e+00
   1.9735310e+00
   1.9735878e+00
   1.9736444e+00
   1.9737009e+00
   1.9737573e+00
   1.9738136e+00
   1.9738698e+00
   1.9739258e+00
   1.9739818e+00
   1.9740376e+00
   1.9740933e+00
   1.9741489e+00
   1.9742044e+00
   1.9742598e+00
   1.9743151e+00
   1.9743703e+00
   1.9744253e+00
   1.9744802e+00
   1.9745351e+00
   1.9745898e+00
   1.9746444e+00
   1.9746989e+00
   1.9747533e+00
   1.9748075e+00
   1.9748617e+00
   1.9749157e+00
   1.9749697e+00
   1.9750235e+00
   1.9750773e+00
   1.9751309e+00
   1.9751844e+00
   1.9752378e+00
   1.9752911e+00
   1.9753443e+00
   1.9753973e+00
   1.9754503e+00
   1.9755032e+00
   1.9755559e+00
   1.9756086e+00
   1.9756611e+00
   1.9757135e+00
   1.9757659e+00
   1.9758181e+00
   1.9758702e+00
   1.9759222e+00
   1.9759741e+00
   1.9760259e+00
   1.9760776e+00
   1.9761292e+00
   1.9761807e+00
   1.9762320e+00
   1.9762833e+00
   1.9763345e+00
   1.9763855e+00
   1.9764365e+00
   1.9764874e+00
   1.9765381e+00
   1.9765888e+00
   1.9766393e+00
   1.9766897e+00
   1.9767401e+00
   1.9767903e+00
   1.9768405e+00
   1.9768905e+00
   1.9769404e+00
   1.9769903e+00
   1.9770400e+00
   1.9770896e+00
   1.9771391e+00
   1.9771886e+00
   1.9772379e+00
   1.9772871e+00
   1.9773362e+00
   1.9773853e+00
   1.9774342e+00
   1.9774830e+00
   1.9775317e+00
   1.9775804e+00
   1.9776289e+00
   1.9776773e+00
   1.9777256e+00
   1.9777739e+00
   1.9778220e+00
   1.9778700e+00
   1.9779180e+00
   1.9779658e+00
   1.9780135e+00
   1.9780612e+00
   1.9781087e+00
   1.9781561e+00
   1.9782035e+00
   1.9782507e+00
   1.9782979e+00
   1.9783450e+00
   1.9783919e+00
   1.9784388e+00
   1.9784855e+00
   1.9785322e+00
   1.9785788e+00
   1.9786253e+00
   1.9786717e+00
   1.9787180e+00
   1.9787642e+00
   1.9788103e+00
   1.9788563e+00
   1.9789022e+00
   1.9789480e+00
   1.9789937e+00
   1.9790393e+00
   1.9790849e+00
   1.9791303e+00
   1.9791757e+00
   1.9792209e+00
   1.9792661e+00
   1.9793112e+00
   1.9793561e+00
   1.9794010e+00
   1.9794458e+00
   1.9794905e+00
   1.9795351e+00
   1.9795797e+00
   1.9796241e+00
   1.9796684e+00
   1.9797127e+00
   1.9797568e+00
   1.9798009e+00
   1.9798448e+00
   1.9798887e+00
   1.9799325e+00
   1.9799762e+00
   1.9800198e+00
   1.9800633e+00
   1.9801068e+00
   1.9801501e+00
   1.9801934e+00
   1.9802365e+00
   1.9802796e+00
   1.9803226e+00
   1.9803655e+00
   1.9804083e+00
   1.9804510e+00
   1.9804936e+00
   1.9805362e+00
   1.9805786e+00
   1.9806210e+00
   1.9806633e+00
   1.9807055e+00
   1.9807476e+00
   1.9807896e+00
   1.9808315e+00
   1.9808734e+00
   1.9809152e+00
   1.9809568e+00
   1.9809984e+00
   1.9810399e+00
   1.9810813e+00
   1.9811227e+00
   1.9811639e+00
   1.9812051e+00
   1.9812461e+00
   1.9812871e+00
   1.9813280e+00
   1.9813688e+00
   1.9814096e+00
   1.9814502e+00
   1.9814908e+00
   1.9815313e+00
   1.9815717e+00
   1.9816120e+00
   1.9816522e+00
   1.9816924e+00
   1.9817324e+00
   1.9817724e+00
   1.9818123e+00
   1.9818521e+00
   1.9818919e+00
   1.9819315e+00
   1.9819711e+00
   1.9820106e+00
   1.9820500e+00
   1.9820893e+00
   1.9821285e+00
   1.9821677e+00
   1.9822068e+00
   1.9822458e+00
   1.9822847e+00
   1.9823235e+00
   1.9823623e+00
   1.9824009e+00
   1.9824395e+00
   1.9824781e+00
   1.9825165e+00
   1.9825548e+00
   1.9825931e+00
   1.9826313e+00
   1.9826694e+00
   1.9827075e+00
   1.9827454e+00
   1.9827833e+00
   1.9828211e+00
   1.9828588e+00
   1.9828964e+00
   1.9829340e+00
   1.9829715e+00
   1.9830089e+00
   1.9830462e+00
   1.9830835e+00
   1.9831207e+00
   1.9831577e+00
   1.9831948e+00
   1.9832317e+00
   1.9832686e+00
   1.9833054e+00
   1.9833421e+00
   1.9833787e+00
   1.9834153e+00
   1.9834517e+00
   1.9834881e+00
   1.9835245e+00
   1.9835607e+00
   1.9835969e+00
   1.9836330e+00
   1.9836690e+00
   1.9837050e+00
   1.9837409e+00
   1.9837767e+00
   1.9838124e+00
   1.9838480e+00
   1.9838836e+00
   1.9839191e+00
   1.9839545e+00
   1.9839899e+00
   1.9840252e+00
   1.9840604e+00
   1.9840955e+00
   1.9841306e+00
   1.9841656e+00
   1.9842005e+00
   1.9842353e+00
   1.9842701e+00
   1.9843048e+00
   1.9843394e+00
   1.9843739e+00
   1.9844084e+00
   1.9844428e+00
   1.9844772e+00
   1.9845114e+00
   1.9845456e+00
   1.9845797e+00
   1.9846138e+00
   1.9846477e+00
   1.9846816e+00
   1.9847155e+00
   1.9847492e+00
   1.9847829e+00
   1.9848165e+00
   1.9848501e+00
   1.9848836e+00
   1.9849170e+00
   1.9849503e+00
   1.9849836e+00
   1.9850168e+00
   1.9850499e+00
   1.9850830e+00
   1.9851160e+00
   1.9851489e+00
   1.9851817e+00
   1.9852145e+00
   1.9852472e+00
   1.9852799e+00
   1.9853124e+00
   1.9853449e+00
   1.9853774e+00
   1.9854097e+00
   1.9854421e+00
   1.9854743e+00
   1.9855064e+00
   1.9855385e+00
   1.9855706e+00
   1.9856025e+00
   1.9856344e+00
   1.9856663e+00
   1.9856980e+00
   1.9857297e+00
   1.9857613e+00
   1.9857929e+00
   1.9858244e+00
   1.9858558e+00
   1.9858872e+00
   1.9859185e+00
   1.9859497e+00
   1.9859809e+00
   1.9860120e+00
   1.9860430e+00
   1.9860740e+00
   1.9861049e+00
   1.9861357e+00
   1.9861665e+00
   1.9861972e+00
   1.9862278e+00
   1.9862584e+00
   1.9862889e+00
   1.9863194e+00
   1.9863498e+00
   1.9863801e+00
   1.9864103e+00
   1.9864405e+00
   1.9864706e+00
   1.9865007e+00
   1.9865307e+00
   1.9865606e+00
   1.9865905e+00
   1.9866203e+00
   1.9866501e+00
   1.9866798e+00
   1.9867094e+00
   1.9867389e+00
   1.9867684e+00
   1.9867979e+00
   1.9868272e+00
   1.9868565e+00
   1.9868858e+00
   1.9869150e+00
   1.9869441e+00
   1.9869732e+00
   1.9870022e+00
   1.9870311e+00
   1.9870600e+00
   1.9870888e+00
   1.9871175e+00
   1.9871462e+00
   1.9871749e+00
   1.9872034e+00
   1.9872319e+00
   1.9872604e+00
   1.9872888e+00
   1.9873171e+00
   1.9873454e+00
   1.9873736e+00
   1.9874017e+00
   1.9874298e+00
   1.9874579e+00
   1.9874858e+00
   1.9875137e+00
   1.9875416e+00
   1.9875694e+00
   1.9875971e+00
   1.9876248e+00
   1.9876524e+00
   1.9876800e+00
   1.9877075e+00
   1.9877349e+00
   1.9877623e+00
   1.9877896e+00
   1.9878169e+00
   1.9878441e+00
   1.9878712e+00
   1.9878983e+00
   1.9879254e+00
   1.9879523e+00
   1.9879793e+00
   1.9880061e+00
   1.9880329e+00
   1.9880597e+00
   1.9880864e+00
   1.9881130e+00
   1.9881396e+00
   1.9881661e+00
   1.9881926e+00
   1.9882190e+00
   1.9882453e+00
   1.9882716e+00
   1.9882978e+00
   1.9883240e+00
   1.9883502e+00
   1.9883762e+00
   1.9884022e+00
   1.9884282e+00
   1.9884541e+00
   1.9884800e+00
   1.9885057e+00
   1.9885315e+00
   1.9885572e+00
   1.9885828e+00
   1.9886084e+00
   1.9886339e+00
   1.9886594e+00
   1.9886848e+00
   1.9887101e+00
   1.9887354e+00
   1.9887607e+00
   1.9887859e+00
   1.9888110e+00
   1.9888361e+00
   1.9888611e+00
   1.9888861e+00
   1.9889110e+00
   1.9889359e+00
   1.9889607e+00
   1.9889855e+00
   1.9890102e+00
   1.9890349e+00
   1.9890595e+00
   1.9890840e+00
   1.9891085e+00
   1.9891330e+00
   1.9891574e+00
   1.9891817e+00
   1.9892060e+00
   1.9892302e+00
   1.9892544e+00
   1.9892786e+00
   1.9893027e+00
   1.9893267e+00
   1.9893507e+00
   1.9893746e+00
   1.9893985e+00
   1.9894223e+00
   1.9894461e+00
   1.9894698e+00
   1.9894935e+00
   1.9895171e+00
   1.9895407e+00
   1.9895642e+00
   1.9895877e+00
   1.9896111e+00
   1.9896345e+00
   1.9896578e+00
   1.9896810e+00
   1.9897043e+00
   1.9897274e+00
   1.9897506e+00
   1.9897736e+00
   1.9897967e+00
   1.9898196e+00
   1.9898425e+00
   1.9898654e+00
   1.9898882e+00
   1.9899110e+00
   1.9899337e+00
   1.9899564e+00
   1.9899790e+00
   1.9900016e+00
   1.9900242e+00
   1.9900466e+00
   1.9900691e+00
   1.9900915e+00
   1.9901138e+00
   1.9901361e+00
   1.9901583e+00
   1.9901805e+00
   1.9902027e+00
   1.9902248e+00
   1.9902468e+00
   1.9902688e+00
   1.9902908e+00
   1.9903127e+00
   1.9903345e+00
   1.9903564e+00
   1.9903781e+00
   1.9903998e+00
   1.9904215e+00
   1.9904431e+00
   1.9904647e+00
   1.9904862e+00
   1.9905077e+00
   1.9905292e+00
   1.9905506e+00
   1.9905719e+00
   1.9905932e+00
   1.9906145e+00
   1.9906357e+00
   1.9906568e+00
   1.9906780e+00
   1.9906990e+00
   1.9907201e+00
   1.9907410e+00
   1.9907620e+00
   1.9907829e+00
   1.9908037e+00
   1.9908245e+00
   1.9908453e+00
   1.9908660e+00
   1.9908866e+00
   1.9909073e+00
   1.9909278e+00
   1.9909484e+00
   1.9909688e+00
   1.9909893e+00
   1.9910097e+00
   1.9910300e+00
   1.9910503e+00
   1.9910706e+00
   1.9910908e+00
   1.9911110e+00
   1.9911311e+00
   1.9911512e+00
   1.9911713e+00
   1.9911913e+00
   1.9912112e+00
   1.9912312e+00
   1.9912510e+00
   1.9912709e+00
   1.9912907e+00
   1.9913104e+00
   1.9913301e+00
   1.9913498e+00
   1.9913694e+00
   1.9913890e+00
   1.9914085e+00
   1.9914280e+00
   1.9914474e+00
   1.9914668e+00
   1.9914862e+00
   1.9915055e+00
   1.9915248e+00
   1.9915440e+00
   1.9915632e+00
   1.9915824e+00
   1.9916015e+00
   1.9916205e+00
   1.9916396e+00
   1.9916586e+00
   1.9916775e+00
   1.9916964e+00
   1.9917153e+00
   1.9917341e+00
   1.9917529e+00
   1.9917716e+00
   1.9917903e+00
   1.9918090e+00
   1.9918276e+00
   1.9918462e+00
   1.9918647e+00
   1.9918832e+00
   1.9919017e+00
   1.9919201e+00
   1.9919384e+00
   1.9919568e+00
   1.9919751e+00
   1.9919933e+00
   1.9920116e+00
   1.9920297e+00
   1.9920479e+00
   1.9920660e+00
   1.9920840e+00
   1.9921020e+00
   1.9921200e+00
   1.9921380e+00
   1.9921559e+00
   1.9921737e+00
   1.9921915e+00
   1.9922093e+00
   1.9922271e+00
   1.9922448e+00
   1.9922624e+00
   1.9922801e+00
   1.9922977e+00
   1.9923152e+00
   1.9923327e+00
   1.9923502e+00
   1.9923676e+00
   1.9923850e+00
   1.9924024e+00
   1.9924197e+00
   1.9924370e+00
   1.9924543e+00
   1.9924715e+00
   1.9924886e+00
   1.9925058e+00
   1.9925229e+00
   1.9925399e+00
   1.9925570e+00
   1.9925739e+00
   1.9925909e+00
   1.9926078e+00
   1.9926247e+00
   1.9926415e+00
   1.9926583e+00
   1.9926751e+00
   1.9926918e+00
   1.9927085e+00
   1.9927252e+00
   1.9927418e+00
   1.9927583e+00
   1.9927749e+00
   1.9927914e+00
   1.9928079e+00
   1.9928243e+00
   1.9928407e+00
   1.9928571e+00
   1.9928734e+00
   1.9928897e+00
   1.9929060e+00
   1.9929222e+00
   1.9929384e+00
   1.9929545e+00
   1.9929706e+00
   1.9929867e+00
   1.9930027e+00
   1.9930188e+00
   1.9930347e+00
   1.9930507e+00
   1.9930666e+00
   1.9930824e+00
   1.9930983e+00
   1.9931141e+00
   1.9931298e+00
   1.9931456e+00
   1.9931613e+00
   1.9931769e+00
   1.9931925e+00
   1.9932081e+00
   1.9932237e+00
   1.9932392e+00
   1.9932547e+00
   1.9932702e+00
   1.9932856e+00
   1.9933010e+00
   1.9933163e+00
   1.9933316e+00
   1.9933469e+00
   1.9933622e+00
   1.9933774e+00
   1.9933926e+00
   1.9934077e+00
   1.9934228e+00
   1.9934379e+00
   1.9934530e+00
   1.9934680e+00
   1.9934830e+00
   1.9934979e+00
   1.9935129e+00
   1.9935277e+00
   1.9935426e+00
   1.9935574e+00
   1.9935722e+00
   1.9935870e+00
   1.9936017e+00
   1.9936164e+00
   1.9936310e+00
   1.9936457e+00
   1.9936603e+00
   1.9936748e+00
   1.9936893e+00
   1.9937038e+00
   1.9937183e+00
   1.9937327e+00
   1.9937471e+00
   1.9937615e+00
   1.9937758e+00
   1.9937902e+00
   1.9938044e+00
   1.9938187e+00
   1.9938329e+00
   1.9938471e+00
   1.9938612e+00
   1.9938753e+00
   1.9938894e+00
   1.9939035e+00
   1.9939175e+00
   1.9939315e+00
   1.9939455e+00
   1.9939594e+00
   1.9939733e+00
   1.9939872e+00
   1.9940010e+00
   1.9940148e+00
   1.9940286e+00
   1.9940423e+00
   1.9940560e+00
   1.9940697e+00
   1.9940834e+00
   1.9940970e+00
   1.9941106e+00
   1.9941242e+00
   1.9941377e+00
   1.9941512e+00
   1.9941647e+00
   1.9941781e+00
   1.9941916e+00
   1.9942049e+00
   1.9942183e+00
   1.9942316e+00
   1.9942449e+00
   1.9942582e+00
   1.9942714e+00
   1.9942846e+00
   1.9942978e+00
   1.9943110e+00
   1.9943241e+00
   1.9943372e+00
   1.9943503e+00
   1.9943633e+00
   1.9943763e+00
   1.9943893e+00
   1.9944022e+00
   1.9944151e+00
   1.9944280e+00
   1.9944409e+00
   1.9944537e+00
   1.9944665e+00
   1.9944793e+00
   1.9944921e+00
   1.9945048e+00
   1.9945175e+00
   1.9945301e+00
   1.9945428e+00
   1.9945554e+00
   1.9945680e+00
   1.9945805e+00
   1.9945930e+00
   1.9946055e+00
   1.9946180e+00
   1.9946304e+00
   1.9946428e+00
   1.9946552e+00
   1.9946676e+00
   1.9946799e+00
   1.9946922e+00
   1.9947045e+00
   1.9947167e+00
   1.9947290e+00
   1.9947412e+00
   1.9947533e+00
   1.9947655e+00
   1.9947776e+00
   1.9947897e+00
   1.9948017e+00
   1.9948138e+00
   1.9948258e+00
   1.9948377e+00
   1.9948497e+00
   1.9948616e+00
   1.9948735e+00
   1.9948854e+00
   1.9948972e+00
   1.9949090e+00
   1.9949208e+00
   1.9949326e+00
   1.9949443e+00
   1.9949561e+00
   1.9949677e+00
   1.9949794e+00
   1.9949910e+00
   1.9950026e+00
   1.9950142e+00
   1.9950258e+00
   1.9950373e+00
   1.9950488e+00
   1.9950603e+00
   1.9950718e+00
   1.9950832e+00
   1.9950946e+00
   1.9951060e+00
   1.9951173e+00
   1.9951287e+00
   1.9951400e+00
   1.9951512e+00
   1.9951625e+00
   1.9951737e+00
   1.9951849e+00
   1.9951961e+00
   1.9952072e+00
   1.9952184e+00
   1.9952295e+00
   1.9952405e+00
   1.9952516e+00
   1.9952626e+00
   1.9952736e+00
   1.9952846e+00
   1.9952956e+00
   1.9953065e+00
   1.9953174e+00
   1.9953283e+00
   1.9953391e+00
   1.9953500e+00
   1.9953608e+00
   1.9953715e+00
   1.9953823e+00
   1.9953930e+00
   1.9954037e+00
   1.9954144e+00
   1.9954251e+00
   1.9954357e+00
   1.9954463e+00
   1.9954569e+00
   1.9954675e+00
   1.9954781e+00
   1.9954886e+00
   1.9954991e+00
   1.9955095e+00
   1.9955200e+00
   1.9955304e+00
   1.9955408e+00
   1.9955512e+00
   1.9955616e+00
   1.9955719e+00
   1.9955822e+00
   1.9955925e+00
   1.9956027e+00
   1.9956130e+00
   1.9956232e+00
   1.9956334e+00
   1.9956436e+00
   1.9956537e+00
   1.9956638e+00
   1.9956739e+00
   1.9956840e+00
   1.9956941e+00
   1.9957041e+00
   1.9957141e+00
   1.9957241e+00
   1.9957341e+00
   1.9957440e+00
   1.9957540e+00
   1.9957639e+00
   1.9957737e+00
   1.9957836e+00
   1.9957934e+00
   1.9958032e+00
   1.9958130e+00
   1.9958228e+00
   1.9958325e+00
   1.9958423e+00
   1.9958520e+00
   1.9958616e+00
   1.9958713e+00
   1.9958809e+00
   1.9958906e+00
   1.9959002e+00
   1.9959097e+00
   1.9959193e+00
   1.9959288e+00
   1.9959383e+00
   1.9959478e+00
   1.9959573e+00
   1.9959667e+00
   1.9959761e+00
   1.9959855e+00
   1.9959949e+00
   1.9960043e+00
   1.9960136e+00
   1.9960229e+00
   1.9960322e+00
   1.9960415e+00
   1.9960507e+00
   1.9960600e+00
   1.9960692e+00
   1.9960784e+00
   1.9960875e+00
   1.9960967e+00
   1.9961058e+00
   1.9961149e+00
   1.9961240e+00
   1.9961331e+00
   1.9961421e+00
   1.9961512e+00
   1.9961602e+00
   1.9961691e+00
   1.9961781e+00
   1.9961871e+00
   1.9961960e+00
   1.9962049e+00
   1.9962138e+00
   1.9962226e+00
   1.9962315e+00
   1.9962403e+00
   1.9962491e+00
   1.9962579e+00
   1.9962667e+00
   1.9962754e+00
   1.9962841e+00
   1.9962928e+00
   1.9963015e+00
   1.9963102e+00
   1.9963188e+00
   1.9963275e+00
   1.9963361e+00
   1.9963447e+00
   1.9963532e+00
   1.9963618e+00
   1.9963703e+00
   1.9963788e+00
   1.9963873e+00
   1.9963958e+00
   1.9964042e+00
   1.9964127e+00
   1.9964211e+00
   1.9964295e+00
   1.9964378e+00
   1.9964462e+00
   1.9964545e+00
   1.9964629e+00
   1.9964712e+00
   1.9964794e+00
   1.9964877e+00
   1.9964960e+00
   1.9965042e+00
   1.9965124e+00
   1.9965206e+00
   1.9965287e+00
   1.9965369e+00
   1.9965450e+00
   1.9965531e+00
   1.9965612e+00
   1.9965693e+00
   1.9965774e+00
   1.9965854e+00
   1.9965934e+00
   1.9966014e+00
   1.9966094e+00
   1.9966174e+00
   1.9966253e+00
   1.9966333e+00
   1.9966412e+00
   1.9966491e+00
   1.9966570e+00
   1.9966648e+00
   1.9966727e+00
   1.9966805e+00
   1.9966883e+00
   1.9966961e+00
   1.9967039e+00
   1.9967116e+00
   1.9967194e+00
   1.9967271e+00
   1.9967348e+00
   1.9967425e+00
   1.9967501e+00
   1.9967578e+00
   1.9967654e+00
   1.9967730e+00
   1.9967806e+00
   1.9967882e+00
   1.9967958e+00
   1.9968033e+00
   1.9968108e+00
   1.9968183e+00
   1.9968258e+00
   1.9968333e+00
   1.9968408e+00
   1.9968482e+00
   1.9968556e+00
   1.9968630e+00
   1.9968704e+00
   1.9968778e+00
   1.9968852e+00
   1.9968925e+00
   1.9968998e+00
   1.9969071e+00
   1.9969144e+00
   1.9969217e+00
   1.9969290e+00
   1.9969362e+00
   1.9969434e+00
   1.9969506e+00
   1.9969578e+00
   1.9969650e+00
   1.9969722e+00
   1.9969793e+00
   1.9969864e+00
   1.9969935e+00
   1.9970006e+00
   1.9970077e+00
   1.9970148e+00
   1.9970218e+00
   1.9970288e+00
   1.9970359e+00
   1.9970429e+00
   1.9970498e+00
   1.9970568e+00
   1.9970638e+00
   1.9970707e+00
   1.9970776e+00
   1.9970845e+00
   1.9970914e+00
   1.9970983e+00
   1.9971051e+00
   1.9971120e+00
   1.9971188e+00
   1.9971256e+00
   1.9971324e+00
   1.9971392e+00
   1.9971459e+00
   1.9971527e+00
   1.9971594e+00
   1.9971661e+00
   1.9971728e+00
   1.9971795e+00
   1.9971862e+00
   1.9971928e+00
   1.9971995e+00
   1.9972061e+00
   1.9972127e+00
   1.9972193e+00
   1.9972259e+00
   1.9972324e+00
   1.9972390e+00
   1.9972455e+00
   1.9972520e+00
   1.9972585e+00
   1.9972650e+00
   1.9972715e+00
   1.9972780e+00
   1.9972844e+00
   1.9972908e+00
   1.9972972e+00
   1.9973036e+00
   1.9973100e+00
   1.9973164e+00
   1.9973228e+00
   1.9973291e+00
   1.9973354e+00
   1.9973417e+00
   1.9973480e+00
   1.9973543e+00
   1.9973606e+00
   1.9973668e+00
   1.9973731e+00
   1.9973793e+00
   1.9973855e+00
   1.9973917e+00
   1.9973979e+00
   1.9974041e+00
   1.9974102e+00
   1.9974164e+00
   1.9974225e+00
   1.9974286e+00
   1.9974347e+00
   1.9974408e+00
   1.9974469e+00
   1.9974529e+00
   1.9974590e+00
   1.9974650e+00
   1.9974710e+00
   1.9974770e+00
   1.9974830e+00
   1.9974890e+00
   1.9974949e+00
   1.9975009e+00
   1.9975068e+00
   1.9975127e+00
   1.9975186e+00
   1.9975245e+00
   1.9975304e+00
   1.9975363e+00
   1.9975421e+00
   1.9975479e+00
   1.9975538e+00
   1.9975596e+00
   1.9975654e+00
   1.9975712e+00
   1.9975769e+00
   1.9975827e+00
   1.9975884e+00
   1.9975942e+00
   1.9975999e+00
   1.9976056e+00
   1.9976113e+00
   1.9976170e+00
   1.9976226e+00
   1.9976283e+00
   1.9976339e+00
   1.9976395e+00
   1.9976452e+00
   1.9976508e+00
   1.9976563e+00
   1.9976619e+00
   1.9976675e+00
   1.9976730e+00
   1.9976786e+00
   1.9976841e+00
   1.9976896e+00
   1.9976951e+00
   1.9977006e+00
   1.9977061e+00
   1.9977115e+00
   1.9977170e+00
   1.9977224e+00
   1.9977278e+00
   1.9977332e+00
   1.9977386e+00
   1.9977440e+00
   1.9977494e+00
   1.9977547e+00
   1.9977601e+00
   1.9977654e+00
   1.9977707e+00
   1.9977761e+00
   1.9977814e+00
   1.9977866e+00
   1.9977919e+00
   1.9977972e+00
   1.9978024e+00
   1.9978077e+00
   1.9978129e+00
   1.9978181e+00
   1.9978233e+00
   1.9978285e+00
   1.9978337e+00
   1.9978388e+00
   1.9978440e+00
   1.9978491e+00
   1.9978543e+00
   1.9978594e+00
   1.9978645e+00
   1.9978696e+00
   1.9978747e+00
   1.9978797e+00
   1.9978848e+00
   1.9978898e+00
   1.9978949e+00
   1.9978999e+00
   1.9979049e+00
   1.9979099e+00
   1.9979149e+00
   1.9979199e+00
   1.9979248e+00
   1.9979298e+00
   1.9979347e+00
   1.9979397e+00
   1.9979446e+00
   1.9979495e+00
   1.9979544e+00
   1.9979593e+00
   1.9979642e+00
   1.9979690e+00
   1.9979739e+00
   1.9979787e+00
   1.9979835e+00
   1.9979884e+00
   1.9979932e+00
   1.9979980e+00
   1.9980028e+00
   1.9980075e+00
   1.9980123e+00
   1.9980170e+00
   1.9980218e+00
   1.9980265e+00
   1.9980312e+00
   1.9980359e+00
   1.9980406e+00
   1.9980453e+00
   1.9980500e+00
   1.9980547e+00
   1.9980593e+00
   1.9980640e+00
   1.9980686e+00
   1.9980732e+00
   1.9980778e+00
   1.9980824e+00
   1.9980870e+00
   1.9980916e+00
   1.9980962e+00
   1.9981007e+00
   1.9981053e+00
   1.9981098e+00
   1.9981143e+00
   1.9981188e+00
   1.9981234e+00
   1.9981278e+00
   1.9981323e+00
   1.9981368e+00
   1.9981413e+00
   1.9981457e+00
   1.9981502e+00
   1.9981546e+00
   1.9981590e+00
   1.9981634e+00
   1.9981678e+00
   1.9981722e+00
   1.9981766e+00
   1.9981810e+00
   1.9981853e+00
   1.9981897e+00
   1.9981940e+00
   1.9981983e+00
   1.9982027e+00
   1.9982070e+00
   1.9982113e+00
   1.9982156e+00
   1.9982198e+00
   1.9982241e+00
   1.9982284e+00
   1.9982326e+00
   1.9982369e+00
   1.9982411e+00
   1.9982453e+00
   1.9982495e+00
   1.9982537e+00
   1.9982579e+00
   1.9982621e+00
   1.9982663e+00
   1.9982704e+00
   1.9982746e+00
   1.9982787e+00
   1.9982829e+00
   1.9982870e+00
   1.9982911e+00
   1.9982952e+00
   1.9982993e+00
   1.9983034e+00
   1.9983075e+00
   1.9983115e+00
   1.9983156e+00
   1.9983196e+00
   1.9983237e+00
   1.9983277e+00
   1.9983317e+00
   1.9983357e+00
   1.9983397e+00
   1.9983437e+00
   1.9983477e+00
   1.9983517e+00
   1.9983556e+00
   1.9983596e+00
   1.9983635e+00
   1.9983675e+00
   1.9983714e+00
   1.9983753e+00
   1.9983792e+00
   1.9983831e+00
   1.9983870e+00
   1.9983909e+00
   1.9983947e+00
   1.9983986e+00
   1.9984025e+00
   1.9984063e+00
   1.9984101e+00
   1.9984140e+00
   1.9984178e+00
   1.9984216e+00
   1.9984254e+00
   1.9984292e+00
   1.9984330e+00
   1.9984367e+00
   1.9984405e+00
   1.9984443e+00
   1.9984480e+00
   1.9984517e+00
   1.9984555e+00
   1.9984592e+00
   1.9984629e+00
   1.9984666e+00
   1.9984703e+00
   1.9984740e+00
   1.9984777e+00
   1.9984813e+00
   1.9984850e+00
   1.9984886e+00
   1.9984923e+00
   1.9984959e+00
   1.9984995e+00
   1.9985032e+00
   1.9985068e+00
   1.9985104e+00
   1.9985140e+00
   1.9985175e+00
   1.9985211e+00
   1.9985247e+00
   1.9985282e+00
   1.9985318e+00
   1.9985353e+00
   1.9985389e+00
   1.9985424e+00
   1.9985459e+00
   1.9985494e+00
   1.9985529e+00
   1.9985564e+00
   1.9985599e+00
   1.9985634e+00
   1.9985668e+00
   1.9985703e+00
   1.9985737e+00
   1.9985772e+00
   1.9985806e+00
   1.9985840e+00
   1.9985875e+00
   1.9985909e+00
   1.9985943e+00
   1.9985977e+00
   1.9986011e+00
   1.9986044e+00
   1.9986078e+00
   1.9986112e+00
   1.9986145e+00
   1.9986179e+00
   1.9986212e+00
   1.9986245e+00
   1.9986279e+00
   1.9986312e+00
   1.9986345e+00
   1.9986378e+00
   1.9986411e+00
   1.9986444e+00
   1.9986476e+00
   1.9986509e+00
   1.9986542e+00
   1.9986574e+00
   1.9986607e+00
   1.9986639e+00
   1.9986671e+00
   1.9986704e+00
   1.9986736e+00
   1.9986768e+00
   1.9986800e+00
   1.9986832e+00
   1.9986864e+00
   1.9986896e+00
   1.9986927e+00
   1.9986959e+00
   1.9986990e+00
   1.9987022e+00
   1.9987053e+00
   1.9987085e+00
   1.9987116e+00
   1.9987147e+00
   1.9987178e+00
   1.9987209e+00
   1.9987240e+00
   1.9987271e+00
   1.9987302e+00
   1.9987333e+00
   1.9987363e+00
   1.9987394e+00
   1.9987425e+00
   1.9987455e+00
   1.9987485e+00
   1.9987516e+00
   1.9987546e+00
   1.9987576e+00
   1.9987606e+00
   1.9987636e+00
   1.9987666e+00
   1.9987696e+00
   1.9987726e+00
   1.9987756e+00
   1.9987785e+00
   1.9987815e+00
   1.9987845e+00
   1.9987874e+00
   1.9987903e+00
   1.9987933e+00
   1.9987962e+00
   1.9987991e+00
   1.9988020e+00
   1.9988049e+00
   1.9988078e+00
   1.9988107e+00
   1.9988136e+00
   1.9988165e+00
   1.9988194e+00
   1.9988222e+00
   1.9988251e+00
   1.9988279e+00
   1.9988308e+00
   1.9988336e+00
   1.9988365e+00
   1.9988393e+00
   1.9988421e+00
   1.9988449e+00
   1.9988477e+00
   1.9988505e+00
   1.9988533e+00
   1.9988561e+00
   1.9988589e+00
   1.9988616e+00
   1.9988644e+00
   1.9988672e+00
   1.9988699e+00
   1.9988727e+00
   1.9988754e+00
   1.9988781e+00
   1.9988809e+00
   1.9988836e+00
   1.9988863e+00
   1.9988890e+00
   1.9988917e+00
   1.9988944e+00
   1.9988971e+00
   1.9988998e+00
   1.9989024e+00
   1.9989051e+00
   1.9989078e+00
   1.9989104e+00
   1.9989131e+00
   1.9989157e+00
   1.9989184e+00
   1.9989210e+00
   1.9989236e+00
   1.9989262e+00
   1.9989288e+00
   1.9989315e+00
   1.9989341e+00
   1.9989366e+00
   1.9989392e+00
   1.9989418e+00
   1.9989444e+00
   1.9989470e+00
   1.9989495e+00
   1.9989521e+00
   1.9989546e+00
   1.9989572e+00
   1.9989597e+00
   1.9989623e+00
   1.9989648e+00
   1.9989673e+00
   1.9989698e+00
   1.9989723e+00
   1.9989748e+00
   1.9989773e+00
   1.9989798e+00
   1.9989823e+00
   1.9989848e+00
   1.9989873e+00
   1.9989897e+00
   1.9989922e+00
   1.9989946e+00
   1.9989971e+00
   1.9989995e+00
   1.9990020e+00
   1.9990044e+00
   1.9990068e+00
   1.9990093e+00
   1.9990117e+00
   1.9990141e+00
   1.9990165e+00
   1.9990189e+00
   1.9990213e+00
   1.9990237e+00
   1.9990260e+00
   1.9990284e+00
   1.9990308e+00
   1.9990332e+00
   1.9990355e+00
   1.9990379e+00
   1.9990402e+00
   1.9990426e+00
   1.9990449e+00
   1.9990472e+00
   1.9990495e+00
   1.9990519e+00
   1.9990542e+00
   1.9990565e+00
   1.9990588e+00
   1.9990611e+00
   1.9990634e+00
   1.9990657e+00
   1.9990680e+00
   1.9990702e+00
   1.9990725e+00
   1.9990748e+00
   1.9990770e+00
   1.9990793e+00
   1.9990815e+00
   1.9990838e+00
   1.9990860e+00
   1.9990882e+00
   1.9990905e+00
   1.9990927e+00
   1.9990949e+00
   1.9990971e+00
   1.9990993e+00
   1.9991015e+00
   1.9991037e+00
   1.9991059e+00
   1.9991081e+00
   1.9991103e+00
   1.9991125e+00
   1.9991146e+00
   1.9991168e+00
   1.9991190e+00
   1.9991211e+00
   1.9991233e+00
   1.9991254e+00
   1.9991275e+00
   1.9991297e+00
   1.9991318e+00
   1.9991339e+00
   1.9991360e+00
   1.9991382e+00
   1.9991403e+00
   1.9991424e+00
   1.9991445e+00
   1.9991466e+00
   1.9991487e+00
   1.9991507e+00
   1.9991528e+00
   1.9991549e+00
   1.9991570e+00
   1.9991590e+00
   1.9991611e+00
   1.9991631e+00
   1.9991652e+00
   1.9991672e+00
   1.9991693e+00
   1.9991713e+00
   1.9991733e+00
   1.9991754e+00
   1.9991774e+00
   1.9991794e+00
   1.9991814e+00
   1.9991834e+00
   1.9991854e+00
   1.9991874e+00
   1.9991894e+00
   1.9991914e+00
   1.9991934e+00
   1.9991953e+00
   1.9991973e+00
   1.9991993e+00
   1.9992012e+00
   1.9992032e+00
   1.9992052e+00
   1.9992071e+00
   1.9992091e+00
   1.9992110e+00
   1.9992129e+00
   1.9992149e+00
   1.9992168e+00
   1.9992187e+00
   1.9992206e+00
   1.9992225e+00
   1.9992244e+00
   1.9992263e+00
   1.9992282e+00
   1.9992301e+00
   1.9992320e+00
   1.9992339e+00
   1.9992358e+00
   1.9992377e+00
   1.9992395e+00
   1.9992414e+00
   1.9992433e+00
   1.9992451e+00
   1.9992470e+00
   1.9992488e+00
   1.9992507e+00
   1.9992525e+00
   1.9992543e+00
   1.9992562e+00
   1.9992580e+00
   1.9992598e+00
   1.9992616e+00
   1.9992635e+00
   1.9992653e+00
   1.9992671e+00
   1.9992689e+00
   1.9992707e+00
   1.9992725e+00
   1.9992742e+00
   1.9992760e+00
   1.9992778e+00
   1.9992796e+00
   1.9992814e+00
   1.9992831e+00
   1.9992849e+00
   1.9992866e+00
   1.9992884e+00
   1.9992901e+00
   1.9992919e+00
   1.9992936e+00
   1.9992954e+00
   1.9992971e+00
   1.9992988e+00
   1.9993006e+00
   1.9993023e+00
   1.9993040e+00
   1.9993057e+00
   1.9993074e+00
   1.9993091e+00
   1.9993108e+00
   1.9993125e+00
   1.9993142e+00
   1.9993159e+00
   1.9993176e+00
   1.9993193e+00
   1.9993209e+00
   1.9993226e+00
   1.9993243e+00
   1.9993259e+00
   1.9993276e+00
   1.9993292e+00
   1.9993309e+00
   1.9993325e+00
   1.9993342e+00
   1.9993358e+00
   1.9993375e+00
   1.9993391e+00
   1.9993407e+00
   1.9993424e+00
   1.9993440e+00
   1.9993456e+00
   1.9993472e+00
   1.9993488e+00
   1.9993504e+00
   1.9993520e+00
   1.9993536e+00
   1.9993552e+00
   1.9993568e+00
   1.9993584e+00
   1.9993600e+00
   1.9993615e+00
   1.9993631e+00
   1.9993647e+00
   1.9993662e+00
   1.9993678e+00
   1.9993694e+00
   1.9993709e+00
   1.9993725e+00
   1.9993740e+00
   1.9993756e+00
   1.9993771e+00
   1.9993786e+00
   1.9993802e+00
   1.9993817e+00
   1.9993832e+00
   1.9993848e+00
   1.9993863e+00
   1.9993878e+00
   1.9993893e+00
   1.9993908e+00
   1.9993923e+00
   1.9993938e+00
   1.9993953e+00
   1.9993968e+00
   1.9993983e+00
   1.9993998e+00
   1.9994013e+00
   1.9994027e+00
   1.9994042e+00
   1.9994057e+00
   1.9994071e+00
   1.9994086e+00
   1.9994101e+00
   1.9994115e+00
   1.9994130e+00
   1.9994144e+00
   1.9994159e+00
   1.9994173e+00
   1.9994188e+00
   1.9994202e+00
   1.9994216e+00
   1.9994231e+00
   1.9994245e+00
   1.9994259e+00
   1.9994273e+00
   1.9994287e+00
   1.9994302e+00
   1.9994316e+00
   1.9994330e+00
   1.9994344e+00
   1.9994358e+00
   1.9994372e+00
   1.9994386e+00
   1.9994399e+00
   1.9994413e+00
   1.9994427e+00
   1.9994441e+00
   1.9994455e+00
   1.9994468e+00
   1.9994482e+00
   1.9994496e+00
   1.9994509e+00
   1.9994523e+00
   1.9994536e+00
   1.9994550e+00
   1.9994563e+00
   1.9994577e+00
   1.9994590e+00
   1.9994604e+00
   1.9994617e+00
   1.9994630e+00
   1.9994644e+00
   1.9994657e+00
   1.9994670e+00
   1.9994683e+00
   1.9994696e+00
   1.9994710e+00
   1.9994723e+00
   1.9994736e+00
   1.9994749e+00
   1.9994762e+00
   1.9994775e+00
   1.9994788e+00
   1.9994801e+00
   1.9994814e+00
   1.9994826e+00
   1.9994839e+00
   1.9994852e+00
   1.9994865e+00
   1.9994877e+00
   1.9994890e+00
   1.9994903e+00
   1.9994915e+00
   1.9994928e+00
   1.9994941e+00
   1.9994953e+00
   1.9994966e+00
   1.9994978e+00
   1.9994991e+00
   1.9995003e+00
   1.9995015e+00
   1.9995028e+00
   1.9995040e+00
   1.9995052e+00
   1.9995065e+00
   1.9995077e+00
   1.9995089e+00
   1.9995101e+00
   1.9995113e+00
   1.9995126e+00
   1.9995138e+00
   1.9995150e+00
   1.9995162e+00
   1.9995174e+00
   1.9995186e+00
   1.9995198e+00
   1.9995210e+00
   1.9995222e+00
   1.9995233e+00
   1.9995245e+00
   1.9995257e+00
   1.9995269e+00
   1.9995281e+00
   1.9995292e+00
   1.9995304e+00
   1.9995316e+00
   1.9995327e+00
   1.9995339e+00
   1.9995350e+00
   1.9995362e+00
   1.9995374e+00
   1.9995385e+00
   1.9995396e+00
   1.9995408e+00
   1.9995419e+00
   1.9995431e+00
   1.9995442e+00
   1.9995453e+00
   1.9995465e+00
   1.9995476e+00
   1.9995487e+00
   1.9995498e+00
   1.9995510e+00
   1.9995521e+00
   1.9995532e+00
   1.9995543e+00
   1.9995554e+00
   1.9995565e+00
   1.9995576e+00
   1.9995587e+00
   1.9995598e+00
   1.9995609e+00
   1.9995620e+00
   1.9995631e+00
   1.9995642e+00
   1.9995653e+00
   1.9995663e+00
   1.9995674e+00
   1.9995685e+00
   1.9995696e+00
   1.9995706e+00
   1.9995717e+00
   1.9995728e+00
   1.9995738e+00
   1.9995749e+00
   1.9995760e+00
   1.9995770e+00
   1.9995781e+00
   1.9995791e+00
   1.9995802e+00
   1.9995812e+00
   1.9995822e+00
