   0.0000000e+00
   0.0000000e+00
   0.0000000e+00
   0.0000000e+00
   0.0000000e+00
   4.9812595e-03
   3.0602651e-02
   7.5749310e-02
   1.3768890e-01
   2.1355222e-01
   3.0040970e-01
   3.9534251e-01
   4.9550724e-01
   5.9819311e-01
   7.0087123e-01
   8.0123538e-01
   8.9723426e-01
   9.8709515e-01
   1.0693392e+00
   1.1427888e+00
   1.2065675e+00
   1.2600935e+00
   1.3030661e+00
   1.3354485e+00
   1.3574451e+00
   1.3694754e+00
   1.3721461e+00
   1.3662207e+00
   1.3525887e+00
   1.3322344e+00
   1.3062068e+00
   1.2755896e+00
   1.2414748e+00
   1.2049363e+00
   1.1670086e+00
   1.1286658e+00
   1.0908060e+00
   1.0542373e+00
   1.0196677e+00
   9.8769799e-01
   9.5881764e-01
   9.3340369e-01
   9.1172214e-01
   8.9393169e-01
   8.8008966e-01
   8.7015964e-01
   8.6402050e-01
   8.6147662e-01
   8.6226881e-01
   8.6608574e-01
   8.7257550e-01
   8.8135711e-01
   8.9203161e-01
   9.0419261e-01
   9.1743611e-01
   9.3136931e-01
   9.4561847e-01
   9.5983567e-01
   9.7370429e-01
   9.8694341e-01
   9.9931098e-01
   1.0106058e+00
   1.0206685e+00
   1.0293815e+00
   1.0366677e+00
   1.0424889e+00
   1.0468434e+00
   1.0497623e+00
   1.0513063e+00
   1.0515617e+00
   1.0506362e+00
   1.0486545e+00
   1.0457541e+00
   1.0420808e+00
   1.0377854e+00
   1.0330189e+00
   1.0279300e+00
   1.0226614e+00
   1.0173472e+00
   1.0121109e+00
   1.0070632e+00
   1.0023009e+00
   9.9790603e-01
   9.9394486e-01
   9.9046828e-01
   9.8751175e-01
   9.8509594e-01
   9.8322754e-01
   9.8190038e-01
   9.8109664e-01
   9.8078833e-01
   9.8093878e-01
   9.8150424e-01
   9.8243550e-01
   9.8367944e-01
   9.8518060e-01
   9.8688264e-01
   9.8872962e-01
   9.9066730e-01
   9.9264416e-01
   9.9461235e-01
   9.9652841e-01
   9.9835387e-01
   1.0000557e+00
   1.0016065e+00
   1.0029848e+00
   1.0041747e+00
   1.0051662e+00
   1.0059543e+00
   1.0065394e+00
   1.0069260e+00
   1.0071230e+00
   1.0071426e+00
   1.0070000e+00
   1.0067127e+00
   1.0062999e+00
   1.0057818e+00
   1.0051795e+00
   1.0045137e+00
   1.0038052e+00
   1.0030734e+00
   1.0023371e+00
   1.0016130e+00
   1.0009163e+00
   1.0002604e+00
   9.9965637e-01
   9.9911318e-01
